       1  0.000000000000E+00  0.000000000000E+00  0.000000000000E+00 -0.709528479080E+01 -0.185669652992E+00 -0.120289901908E+00 -0.120289901908E+00  0.414339230932E+00  0.414339230932E+00  0.631262987052E+01  0.638603222204E+01  0.638603222204E+01
       2  0.156250000000E-01  0.000000000000E+00  0.156250000000E-01 -0.709257862868E+01 -0.185379500268E+00 -0.120371247468E+00 -0.119607542797E+00  0.414017264790E+00  0.414545844895E+00  0.629768161795E+01  0.636732851869E+01  0.637813854030E+01
       3  0.312500000000E-01  0.000000000000E+00  0.312500000000E-01 -0.708447440639E+01 -0.184566399730E+00 -0.120562028791E+00 -0.117570967661E+00  0.413046127332E+00  0.415155897205E+00  0.624244181104E+01  0.632543354845E+01  0.635464726626E+01
       4  0.468750000000E-01  0.000000000000E+00  0.468750000000E-01 -0.707101442886E+01 -0.183385754600E+00 -0.120681149844E+00 -0.114181198945E+00  0.411445032077E+00  0.416163727254E+00  0.613852502067E+01  0.627823136504E+01  0.631617022040E+01
       5  0.625000000000E-01  0.000000000000E+00  0.625000000000E-01 -0.705226971054E+01 -0.182113256624E+00 -0.120417459306E+00 -0.109448360217E+00  0.409243091115E+00  0.417559894285E+00  0.599972510919E+01  0.622307135886E+01  0.626365433767E+01
       6  0.781250000000E-01  0.000000000000E+00  0.781250000000E-01 -0.702834041210E+01 -0.181133416186E+00 -0.119335371040E+00 -0.103383469110E+00  0.406482050414E+00  0.419331836520E+00  0.583873182939E+01  0.615731628876E+01  0.619832310998E+01
       7  0.937500000000E-01  0.000000000000E+00  0.937500000000E-01 -0.699935670834E+01 -0.180879978491E+00 -0.116938676941E+00 -0.960027184037E-01  0.403219008203E+00  0.421462555154E+00  0.566347465548E+01  0.608111420764E+01  0.612158621873E+01
       8  0.109375000000E+00  0.000000000000E+00  0.109375000000E+00 -0.696547980014E+01 -0.181704573789E+00 -0.112804259024E+00 -0.873287379964E-01  0.399519821226E+00  0.423931015963E+00  0.547913987772E+01  0.599551688811E+01  0.603495624842E+01
       9  0.125000000000E+00  0.000000000000E+00  0.125000000000E+00 -0.692690307623E+01 -0.183746216259E+00 -0.106710692286E+00 -0.773877593507E-01  0.395474636514E+00  0.426713239817E+00  0.528920522007E+01  0.590186705297E+01  0.593998472647E+01
      10  0.140625000000E+00  0.000000000000E+00  0.140625000000E+00 -0.688385354841E+01 -0.186913149795E+00 -0.986615224120E-01 -0.662131035678E-01  0.391186073694E+00  0.429784579302E+00  0.509603530231E+01  0.580158155438E+01  0.583820137968E+01
      11  0.156250000000E+00  0.000000000000E+00  0.156250000000E+00 -0.683659344180E+01 -0.190969269606E+00 -0.888051913821E-01 -0.538491371888E-01  0.386782442779E+00  0.433113824123E+00  0.490126064555E+01  0.569605573069E+01  0.573107089157E+01
      12  0.171875000000E+00  0.000000000000E+00  0.171875000000E+00 -0.678542177750E+01 -0.195629332439E+00 -0.773347875867E-01 -0.403444482811E-01  0.382413690258E+00  0.436669589164E+00  0.470602628375E+01  0.558663128562E+01  0.561998067274E+01
      13  0.187500000000E+00  0.000000000000E+00  0.187500000000E+00 -0.673067623044E+01 -0.200615662758E+00 -0.644454025807E-01 -0.257623632267E-01  0.378250799008E+00  0.440417299874E+00  0.451115373638E+01  0.547456093555E+01  0.550621564536E+01
      14  0.203125000000E+00  0.000000000000E+00  0.203125000000E+00 -0.667273484938E+01 -0.205676493692E+00 -0.503165821741E-01 -0.101782259995E-01  0.374493268210E+00  0.444320222904E+00  0.431725285408E+01  0.536100636561E+01  0.539096068493E+01
      15  0.218750000000E+00  0.000000000000E+00  0.218750000000E+00 -0.661201743312E+01 -0.210587960075E+00 -0.351096828081E-01  0.632441067564E-02  0.371372509898E+00  0.448342026106E+00  0.412480409442E+01  0.524704532315E+01  0.527531080608E+01
      16  0.234375000000E+00  0.000000000000E+00  0.234375000000E+00 -0.654898735776E+01 -0.215156421161E+00 -0.189863397044E-01  0.236402712298E-01  0.369143742183E+00  0.452443205966E+00  0.393420694789E+01  0.513366086084E+01  0.516026220855E+01
      17  0.250000000000E+00  0.000000000000E+00  0.250000000000E+00 -0.648415174516E+01 -0.219213687805E+00 -0.210332077735E-02  0.416529810179E-01  0.368104626973E+00  0.456585965037E+00  0.374583412115E+01  0.502176368921E+01  0.504673582712E+01
      18  0.265625000000E+00  0.000000000000E+00  0.265625000000E+00 -0.641806369411E+01 -0.222631217718E+00  0.153710414222E-01  0.602220667154E-01  0.368567425517E+00  0.460724875738E+00  0.356004020133E+01  0.491218696110E+01  0.493557350177E+01
      19  0.281250000000E+00  0.000000000000E+00  0.281250000000E+00 -0.635131922489E+01 -0.225307100875E+00  0.332681869198E-01  0.791965113398E-01  0.370890038967E+00  0.464825634998E+00  0.337722254856E+01  0.480571253040E+01  0.482756400890E+01
      20  0.296875000000E+00  0.000000000000E+00  0.296875000000E+00 -0.628455738802E+01 -0.227182615813E+00  0.514042912556E-01  0.984002553309E-01  0.375443153502E+00  0.468846598232E+00  0.319781872483E+01  0.470306319189E+01  0.472343681712E+01
      21  0.312500000000E+00  0.000000000000E+00  0.312500000000E+00 -0.621845663872E+01 -0.228241006889E+00  0.695886639466E-01  0.117640850692E+00  0.382619905121E+00  0.472748966922E+00  0.302233840351E+01  0.460491926673E+01  0.462387844048E+01
      22  0.328125000000E+00  0.000000000000E+00  0.328125000000E+00 -0.615373012481E+01 -0.228513142672E+00  0.876179528417E-01  0.136703652165E+00  0.392796902608E+00  0.476495206914E+00  0.285137488013E+01  0.451191912753E+01  0.452953349244E+01
      23  0.343750000000E+00  0.000000000000E+00  0.343750000000E+00 -0.609111911436E+01 -0.228074629160E+00  0.105278356564E+00  0.155355160955E+00  0.406322769839E+00  0.480048045432E+00  0.268562969929E+01  0.442466476108E+01  0.444101076991E+01
      24  0.359375000000E+00  0.000000000000E+00  0.359375000000E+00 -0.603138261299E+01 -0.227039862348E+00  0.122350084167E+00  0.173351033984E+00  0.423474656606E+00  0.483374290502E+00  0.252594298927E+01  0.434372993387E+01  0.435889098569E+01
      25  0.375000000000E+00  0.000000000000E+00  0.375000000000E+00 -0.597528709155E+01 -0.225554694584E+00  0.138600630458E+00  0.190433482055E+00  0.444402003925E+00  0.486440597783E+00  0.237332255676E+01  0.426965433430E+01  0.428372143651E+01
      26  0.390625000000E+00  0.000000000000E+00  0.390625000000E+00 -0.592359066872E+01 -0.223781019548E+00  0.153785606513E+00  0.206338189711E+00  0.469051020581E+00  0.489219714545E+00  0.222900220563E+01  0.420294453131E+01  0.421601683423E+01
      27  0.406250000000E+00  0.000000000000E+00  0.406250000000E+00 -0.587702828184E+01 -0.221886793535E+00  0.167648047058E+00  0.220797809261E+00  0.491683644072E+00  0.497045133676E+00  0.209450779483E+01  0.414406903513E+01  0.415625449934E+01
      28  0.421875000000E+00  0.000000000000E+00  0.421875000000E+00 -0.583629228631E+01 -0.220026690699E+00  0.179929518507E+00  0.233554275352E+00  0.493808729926E+00  0.527547632766E+00  0.197177770387E+01  0.409345596071E+01  0.410487138476E+01
      29  0.437500000000E+00  0.000000000000E+00  0.437500000000E+00 -0.580201278576E+01 -0.218335269831E+00  0.190382713846E+00  0.244369689453E+00  0.495577039346E+00  0.559075745908E+00  0.186329948290E+01  0.405148760425E+01  0.406225830631E+01
      30  0.453125000000E+00  0.000000000000E+00  0.453125000000E+00 -0.577473968196E+01 -0.216918711190E+00  0.198777830269E+00  0.253027286403E+00  0.496968400931E+00  0.589317672837E+00  0.177225336118E+01  0.401848887563E+01  0.402874839017E+01
      31  0.468750000000E+00  0.000000000000E+00  0.468750000000E+00 -0.575492233613E+01 -0.215856370259E+00  0.204921747492E+00  0.259347633295E+00  0.497971488635E+00  0.615098290863E+00  0.170251896015E+01  0.399472303450E+01  0.400461191800E+01
      32  0.484375000000E+00  0.000000000000E+00  0.484375000000E+00 -0.574289451554E+01 -0.215199198577E+00  0.208670137052E+00  0.263197433243E+00  0.498577907811E+00  0.632734185678E+00  0.165830146592E+01  0.398038482392E+01  0.399004894888E+01
      33  0.500000000000E+00  0.000000000000E+00  0.500000000000E+00 -0.573886213039E+01 -0.214977025418E+00  0.209929528248E+00  0.264489828544E+00  0.498780379867E+00  0.639042977318E+00  0.164309635913E+01  0.397559188350E+01  0.398518071312E+01
      34  0.500000000000E+00  0.156250000000E-01  0.515625000000E+00 -0.573879725589E+01 -0.213240272071E+00  0.209602080493E+00  0.264143988855E+00  0.498306029579E+00  0.641176317757E+00  0.164255476575E+01  0.396912248726E+01  0.398023424483E+01
      35  0.500000000000E+00  0.312500000000E-01  0.531250000000E+00 -0.573860569736E+01 -0.208074114124E+00  0.208594093012E+00  0.263219721857E+00  0.496873568052E+00  0.647461196027E+00  0.164093735006E+01  0.395030662837E+01  0.396539453188E+01
      36  0.500000000000E+00  0.468750000000E-01  0.546875000000E+00 -0.573829374092E+01 -0.199609259248E+00  0.206844299992E+00  0.262028681283E+00  0.494457436779E+00  0.657590486320E+00  0.163827069950E+01  0.392038722713E+01  0.394113807081E+01
      37  0.500000000000E+00  0.625000000000E-01  0.562500000000E+00 -0.573787406645E+01 -0.188068206547E+00  0.204292239135E+00  0.260994331549E+00  0.491017317519E+00  0.671084008191E+00  0.163459921954E+01  0.388089721942E+01  0.390861186999E+01
      38  0.500000000000E+00  0.781250000000E-01  0.578125000000E+00 -0.573736226387E+01 -0.173766768688E+00  0.200934890032E+00  0.260548685756E+00  0.486498420005E+00  0.687360941313E+00  0.162999285922E+01  0.383366513698E+01  0.386940011405E+01
      39  0.500000000000E+00  0.937500000000E-01  0.593750000000E+00 -0.573677780349E+01 -0.157119719430E+00  0.196868499736E+00  0.261045377853E+00  0.480834438250E+00  0.705774001895E+00  0.162455048788E+01  0.378075200845E+01  0.382532884837E+01
      40  0.500000000000E+00  0.109375000000E+00  0.609375000000E+00 -0.573614373366E+01 -0.138643751193E+00  0.192284663367E+00  0.262731138034E+00  0.473955546792E+00  0.725633846059E+00  0.161840765502E+01  0.372434073731E+01  0.377833099591E+01
      41  0.500000000000E+00  0.125000000000E+00  0.625000000000E+00 -0.573548390321E+01 -0.118958936857E+00  0.187435995309E+00  0.265779164509E+00  0.465799282653E+00  0.746235176347E+00  0.161174276112E+01  0.366663695130E+01  0.373034673254E+01
      42  0.500000000000E+00  0.140625000000E+00  0.640625000000E+00 -0.573482376703E+01 -0.987849831880E-01  0.182583922305E+00  0.270327722289E+00  0.456315850953E+00  0.766852904981E+00  0.160477900245E+01  0.360978830883E+01  0.368324123515E+01
      43  0.500000000000E+00  0.156250000000E+00  0.656250000000E+00 -0.573418897922E+01 -0.789263561300E-01  0.177959407182E+00  0.276500097425E+00  0.445485488121E+00  0.786751828735E+00  0.159778328051E+01  0.355582504217E+01  0.363874145728E+01
      44  0.500000000000E+00  0.171875000000E+00  0.671875000000E+00 -0.573360379427E+01 -0.602386581964E-01  0.173757210439E+00  0.284395892171E+00  0.433348843728E+00  0.805200382690E+00  0.159106040100E+01  0.350662057935E+01  0.359839561660E+01
      45  0.500000000000E+00  0.187500000000E+00  0.687500000000E+00 -0.573309062090E+01 -0.435776542449E-01  0.170131308807E+00  0.294034673376E+00  0.420041079786E+00  0.821489932194E+00  0.158493909007E+01  0.346385479760E+01  0.356353989269E+01
      46  0.500000000000E+00  0.203125000000E+00  0.703125000000E+00 -0.573266929355E+01 -0.297348672708E-01  0.167198619517E+00  0.305257555588E+00  0.405862355525E+00  0.834961175588E+00  0.157974741940E+01  0.342897827904E+01  0.353527891612E+01
      47  0.500000000000E+00  0.218750000000E+00  0.718750000000E+00 -0.573235611638E+01 -0.193692846296E-01  0.165044408076E+00  0.317525777737E+00  0.391447601603E+00  0.845039112674E+00  0.157578849546E+01  0.340317600118E+01  0.351447493580E+01
      48  0.500000000000E+00  0.234375000000E+00  0.734375000000E+00 -0.573216362669E+01 -0.129605821817E-01  0.163726820176E+00  0.329240170512E+00  0.378440507448E+00  0.851274321354E+00  0.157330627524E+01  0.338733022193E+01  0.350174539822E+01
      49  0.500000000000E+00  0.250000000000E+00  0.750000000000E+00 -0.573209851678E+01 -0.107931611766E-01  0.163284051444E+00  0.335180501510E+00  0.372069810727E+00  0.853386246277E+00  0.157246040887E+01  0.338198675411E+01  0.349746123854E+01
      50  0.484375000000E+00  0.265625000000E+00  0.750000000000E+00 -0.573311513025E+01 -0.116619665998E-01  0.168529829750E+00  0.325703398752E+00  0.378965799814E+00  0.848874800810E+00  0.156634660631E+01  0.331635392208E+01  0.358686982659E+01
      51  0.468750000000E+00  0.281250000000E+00  0.750000000000E+00 -0.573677834731E+01 -0.162752410860E-01  0.171954549369E+00  0.313002522045E+00  0.392091788054E+00  0.838540537697E+00  0.156013479288E+01  0.324296684603E+01  0.372356190260E+01
      52  0.453125000000E+00  0.296875000000E+00  0.750000000000E+00 -0.574197640103E+01 -0.242365534796E-01  0.174881302696E+00  0.301424388175E+00  0.406631194839E+00  0.826032382422E+00  0.155196324247E+01  0.317732392501E+01  0.388181374221E+01
      53  0.437500000000E+00  0.312500000000E+00  0.750000000000E+00 -0.574770245017E+01 -0.343724331273E-01  0.178465215346E+00  0.291320256787E+00  0.420865092816E+00  0.813753582933E+00  0.154216499234E+01  0.312215499881E+01  0.404576902096E+01
      54  0.421875000000E+00  0.328125000000E+00  0.750000000000E+00 -0.575309212793E+01 -0.449160418170E-01  0.183025162010E+00  0.282452147719E+00  0.433560783788E+00  0.803165532320E+00  0.153213071219E+01  0.307854730495E+01  0.419917570362E+01
      55  0.406250000000E+00  0.343750000000E+00  0.750000000000E+00 -0.575745125635E+01 -0.540011163519E-01  0.187955081664E+00  0.274971950617E+00  0.443603518580E+00  0.795124328117E+00  0.152349809710E+01  0.304708318848E+01  0.432532503618E+01
      56  0.390625000000E+00  0.359375000000E+00  0.750000000000E+00 -0.576027225264E+01 -0.600963869512E-01  0.191957865147E+00  0.269672061487E+00  0.450056634773E+00  0.790127564797E+00  0.151768742548E+01  0.302809335628E+01  0.440871413560E+01
      57  0.375000000000E+00  0.375000000000E+00  0.750000000000E+00 -0.576124712698E+01 -0.622369276203E-01  0.193534013124E+00  0.267703888864E+00  0.452283872905E+00  0.788434095555E+00  0.151564075655E+01  0.302174617489E+01  0.443793070777E+01
      58  0.366071428571E+00  0.366071428571E+00  0.732142857143E+00 -0.576997931162E+01 -0.515430763391E-01  0.184220002603E+00  0.281347089354E+00  0.447294201030E+00  0.784593901863E+00  0.150444290548E+01  0.298834052811E+01  0.449875885017E+01
      59  0.357142857143E+00  0.357142857143E+00  0.714285714286E+00 -0.578067704153E+01 -0.421781394306E-01  0.174596853223E+00  0.295469814031E+00  0.442335028650E+00  0.771510846246E+00  0.150070110131E+01  0.296975524072E+01  0.456217009294E+01
      60  0.348214285714E+00  0.348214285714E+00  0.696428571429E+00 -0.579353060570E+01 -0.340837903523E-01  0.164721777467E+00  0.309395400786E+00  0.437444630276E+00  0.748354968890E+00  0.150689234499E+01  0.296579055159E+01  0.462788895585E+01
      61  0.339285714286E+00  0.339285714286E+00  0.678571428571E+00 -0.580871555769E+01 -0.271609838042E-01  0.154646122400E+00  0.322311633337E+00  0.432649910798E+00  0.715631615633E+00  0.152447949825E+01  0.297586478200E+01  0.469562963115E+01
      62  0.330357142857E+00  0.330357142857E+00  0.660714285714E+00 -0.582638514185E+01 -0.212931168074E-01  0.144422558686E+00  0.333234017986E+00  0.427984856112E+00  0.675251554338E+00  0.155379114926E+01  0.299917344269E+01  0.476510121622E+01
      63  0.321428571429E+00  0.321428571429E+00  0.642857142857E+00 -0.584666644960E+01 -0.163722884736E-01  0.134097352897E+00  0.340856813283E+00  0.423476075274E+00  0.630251373398E+00  0.159433525095E+01  0.303481219713E+01  0.483600501862E+01
      64  0.312500000000E+00  0.312500000000E+00  0.625000000000E+00 -0.586965539189E+01 -0.123116649127E-01  0.123714151976E+00  0.343261198304E+00  0.419146451977E+00  0.584576688192E+00  0.164524453774E+01  0.308186471505E+01  0.490803697351E+01
      65  0.303571428571E+00  0.303571428571E+00  0.607142857143E+00 -0.589541277916E+01 -0.905439553448E-02  0.113307117762E+00  0.337588046005E+00  0.415022651442E+00  0.543046284296E+00  0.170560354962E+01  0.313944990956E+01  0.498088520996E+01
      66  0.294642857143E+00  0.294642857143E+00  0.589285714286E+00 -0.592396032690E+01 -0.657687872327E-02  0.102911128064E+00  0.320602703295E+00  0.411127670214E+00  0.510624275963E+00  0.177460800067E+01  0.320674334288E+01  0.505423762070E+01
      67  0.285714285714E+00  0.285714285714E+00  0.571428571429E+00 -0.595527883315E+01 -0.489563061840E-02  0.925545808908E-01  0.291454628590E+00  0.407482680238E+00  0.489615681681E+00  0.185160655647E+01  0.328297737369E+01  0.512777835438E+01
      68  0.276785714286E+00  0.276785714286E+00  0.553571428571E+00 -0.598930737503E+01 -0.407380137510E-02  0.822617294024E-01  0.253525023451E+00  0.404111037098E+00  0.477849983933E+00  0.193609070472E+01  0.336743579731E+01  0.520119115303E+01
      69  0.267857142857E+00  0.267857142857E+00  0.535714285714E+00 -0.602594280347E+01 -0.424177758902E-02  0.720529565834E-01  0.211691395779E+00  0.401032291695E+00  0.471469399298E+00  0.202766821026E+01  0.345944106028E+01  0.527416136321E+01
      70  0.258928571429E+00  0.258928571429E+00  0.517857142857E+00 -0.606504187115E+01 -0.563101804977E-02  0.619453542126E-01  0.169698095714E+00  0.398260996373E+00  0.467642483822E+00  0.212603331408E+01  0.355834464358E+01  0.534637690608E+01
      71  0.250000000000E+00  0.250000000000E+00  0.500000000000E+00 -0.610642267125E+01 -0.865136092299E-02  0.519535740270E-01  0.130012082890E+00  0.395814740124E+00  0.464823315319E+00  0.223094672764E+01  0.366351617913E+01  0.541753360187E+01
      72  0.241071428571E+00  0.241071428571E+00  0.482142857143E+00 -0.614986911754E+01 -0.140217928632E-01  0.420901329593E-01  0.944750280061E-01  0.393705459844E+00  0.462252736126E+00  0.234221332717E+01  0.377433409092E+01  0.548733600824E+01
      73  0.232142857143E+00  0.232142857143E+00  0.464285714286E+00 -0.619513475440E+01 -0.228640576208E-01  0.323662872138E-01  0.647957453870E-01  0.391943882062E+00  0.459592722237E+00  0.245966932822E+01  0.389017819282E+01  0.555550149442E+01
      74  0.223214285714E+00  0.223214285714E+00  0.446428571429E+00 -0.624194804153E+01 -0.362217593500E-01  0.227931704822E-01  0.422933624997E-01  0.390533735212E+00  0.456725352227E+00  0.258316693488E+01  0.401042241355E+01  0.562176335689E+01
      75  0.214285714286E+00  0.214285714286E+00  0.428571428571E+00 -0.629001749350E+01 -0.536262190252E-01  0.133805166280E-01  0.265832036378E-01  0.389477296497E+00  0.453637820547E+00  0.271256574348E+01  0.413442834912E+01  0.568587320987E+01
      76  0.205357142857E+00  0.205357142857E+00  0.410714285714E+00 -0.633903661723E+01 -0.728858419037E-01  0.413956358360E-02  0.154449387576E-01  0.388771329688E+00  0.450380417417E+00  0.284772732034E+01  0.426154348317E+01  0.574760585586E+01
      77  0.196428571429E+00  0.196428571429E+00  0.392857142857E+00 -0.638868949951E+01 -0.918654338212E-01 -0.491740742694E-02  0.664257196428E-02  0.388412384268E+00  0.447025978759E+00  0.298850610920E+01  0.439109445848E+01  0.580676192297E+01
      78  0.187500000000E+00  0.187500000000E+00  0.375000000000E+00 -0.643865572204E+01 -0.109353654375E+00 -0.137774082646E-01 -0.117858202717E-02  0.388388843889E+00  0.443654640106E+00  0.313474120703E+01  0.452238603133E+01  0.586316917037E+01
      79  0.178571428571E+00  0.178571428571E+00  0.357142857143E+00 -0.648861499676E+01 -0.124834571959E+00 -0.224261796757E-01 -0.870221917798E-02  0.388683271083E+00  0.440340277328E+00  0.328624892129E+01  0.465469710379E+01  0.591668455676E+01
      80  0.169642857143E+00  0.169642857143E+00  0.339285714286E+00 -0.653825033097E+01 -0.138158061798E+00 -0.308474619307E-01 -0.162470024716E-01  0.389278248339E+00  0.437150691851E+00  0.344282752434E+01  0.478728392075E+01  0.596719664405E+01
      81  0.160714285714E+00  0.160714285714E+00  0.321428571429E+00 -0.658725287305E+01 -0.149364553686E+00 -0.390231831817E-01 -0.239468242901E-01  0.390147431270E+00  0.434137276368E+00  0.360423202984E+01  0.491937750411E+01  0.601462724141E+01
      82  0.151785714286E+00  0.151785714286E+00  0.303571428571E+00 -0.663532333679E+01 -0.158584479952E+00 -0.469353245956E-01 -0.318322127887E-01  0.391265665086E+00  0.431338505450E+00  0.377018489668E+01  0.505018704764E+01  0.605892615925E+01
      83  0.142857142857E+00  0.142857142857E+00  0.285714285714E+00 -0.668217507367E+01 -0.165997131024E+00 -0.545622262044E-01 -0.398749570202E-01  0.392604147305E+00  0.428780127432E+00  0.394035945263E+01  0.517890411976E+01  0.610007693036E+01
      84  0.133928571429E+00  0.133928571429E+00  0.267857142857E+00 -0.672753608119E+01 -0.171808216601E+00 -0.618837018662E-01 -0.480117607503E-01  0.394123270148E+00  0.426472844945E+00  0.411436322971E+01  0.530470724067E+01  0.613808725526E+01
      85  0.125000000000E+00  0.125000000000E+00  0.250000000000E+00 -0.677114939933E+01 -0.176227854340E+00 -0.688765400651E-01 -0.561521447384E-01  0.395790397991E+00  0.424421132994E+00  0.429174132174E+01  0.542677644386E+01  0.617299442934E+01
      86  0.116071428571E+00  0.116071428571E+00  0.232142857143E+00 -0.681277491823E+01 -0.179469278962E+00 -0.755169566466E-01 -0.641934789733E-01  0.397570954583E+00  0.422619504525E+00  0.447194561038E+01  0.554429663947E+01  0.620485822558E+01
      87  0.107142857143E+00  0.107142857143E+00  0.214285714286E+00 -0.685218981232E+01 -0.181742496469E+00 -0.817831432041E-01 -0.720264145813E-01  0.399420828385E+00  0.421054219635E+00  0.465431012018E+01  0.565646957599E+01  0.623375346160E+01
      88  0.982142857143E-01  0.982142857143E-01  0.196428571429E+00 -0.688918853659E+01 -0.183246195023E+00 -0.876510530770E-01 -0.795366822318E-01  0.401303694437E+00  0.419710001310E+00  0.483803003909E+01  0.576253260211E+01  0.625977420709E+01
      89  0.892857142857E-01  0.892857142857E-01  0.178571428571E+00 -0.692358333218E+01 -0.184167398983E+00 -0.930977497904E-01 -0.866126220276E-01  0.403180125175E+00  0.418568997690E+00  0.502210741764E+01  0.586176809558E+01  0.628302418119E+01
      90  0.803571428571E-01  0.803571428571E-01  0.160714285714E+00 -0.695520402511E+01 -0.184678164654E+00 -0.981017239245E-01 -0.931524686886E-01  0.405009801507E+00  0.417608485964E+00  0.520528972712E+01  0.595351369832E+01  0.630361249231E+01
      91  0.714285714286E-01  0.714285714286E-01  0.142857142857E+00 -0.698389775785E+01 -0.184926457622E+00 -0.102641067147E+00 -0.990636063347E-01  0.406760354057E+00  0.416810480578E+00  0.538598851388E+01  0.603718511743E+01  0.632165412344E+01
      92  0.625000000000E-01  0.625000000000E-01  0.125000000000E+00 -0.700952899997E+01 -0.185036738709E+00 -0.106696834632E+00 -0.104274082113E+00  0.408393725253E+00  0.416155092104E+00  0.556214288030E+01  0.611228269416E+01  0.633725962346E+01
      93  0.535714285714E-01  0.535714285714E-01  0.107142857143E+00 -0.703197904595E+01 -0.185100252767E+00 -0.110250704792E+00 -0.108735504011E+00  0.409879736397E+00  0.415625247165E+00  0.573105273368E+01  0.617841390357E+01  0.635053713576E+01
      94  0.446428571429E-01  0.446428571429E-01  0.892857142857E-01 -0.705114582293E+01 -0.185173522944E+00 -0.113286522164E+00 -0.112427927688E+00  0.411188993140E+00  0.415205228886E+00  0.588913485227E+01  0.623532657820E+01  0.636158642167E+01
      95  0.357142857143E-01  0.357142857143E-01  0.714285714286E-01 -0.706694357387E+01 -0.185279364103E+00 -0.115790837489E+00 -0.115362162836E+00  0.412295622639E+00  0.414880090537E+00  0.603161566448E+01  0.628298131166E+01  0.637049564084E+01
      96  0.267857142857E-01  0.267857142857E-01  0.535714285714E-01 -0.707930257557E+01 -0.185410201136E+00 -0.117752218293E+00 -0.117570974432E+00  0.413178840591E+00  0.414637371265E+00  0.615218776064E+01  0.632174795909E+01  0.637733953983E+01
      97  0.178571428571E-01  0.178571428571E-01  0.357142857143E-01 -0.708816877598E+01 -0.185538377476E+00 -0.119158850079E+00 -0.119098986423E+00  0.413822339973E+00  0.414471730067E+00  0.624287587467E+01  0.635268147236E+01  0.638218543982E+01
      98  0.892857142857E-02  0.892857142857E-02  0.178571428571E-01 -0.709350382670E+01 -0.185632842928E+00 -0.120005613907E+00 -0.119993677266E+00  0.414213324992E+00  0.414373188788E+00  0.629620407885E+01  0.637614216720E+01  0.638507466016E+01
      99  0.000000000000E+00  0.000000000000E+00  0.000000000000E+00 -0.709528479080E+01 -0.185669652992E+00 -0.120289901908E+00 -0.120289901908E+00  0.414339230932E+00  0.414339230932E+00  0.631262987052E+01  0.638603222204E+01  0.638603222204E+01
     100  0.128205128205E-01  0.128205128205E-01  0.128205128205E-01 -0.709389725431E+01 -0.185760123982E+00 -0.119992528789E+00 -0.119992528789E+00  0.414296970367E+00  0.414296970367E+00  0.629531784091E+01  0.638409378085E+01  0.638409378085E+01
     101  0.256410256410E-01  0.256410256410E-01  0.256410256410E-01 -0.708973961816E+01 -0.186031395194E+00 -0.119107369256E+00 -0.119107369256E+00  0.414161837156E+00  0.414161837156E+00  0.624470868120E+01  0.637829410248E+01  0.637829410248E+01
     102  0.384615384615E-01  0.384615384615E-01  0.384615384615E-01 -0.708282642835E+01 -0.186466205694E+00 -0.117641153528E+00 -0.117641153528E+00  0.413939666077E+00  0.413939666077E+00  0.616435439420E+01  0.636870126287E+01  0.636870126287E+01
     103  0.512820512821E-01  0.512820512821E-01  0.512820512821E-01 -0.707318208420E+01 -0.187038498476E+00 -0.115606377261E+00 -0.115606377261E+00  0.413637844804E+00  0.413637844804E+00  0.605894270485E+01  0.635542739940E+01  0.635542739940E+01
     104  0.641025641026E-01  0.641025641026E-01  0.641025641026E-01 -0.706084085895E+01 -0.187710174062E+00 -0.113019107663E+00 -0.113019107662E+00  0.413266929056E+00  0.413266929056E+00  0.593327730423E+01  0.633862592900E+01  0.633862592900E+01
     105  0.769230769231E-01  0.769230769231E-01  0.769230769231E-01 -0.704584725220E+01 -0.188434674389E+00 -0.109902242376E+00 -0.109902242376E+00  0.412838204704E+00  0.412838204704E+00  0.579165233810E+01  0.631848278575E+01  0.631848278575E+01
     106  0.897435897436E-01  0.897435897436E-01  0.897435897436E-01 -0.702825604471E+01 -0.189153554846E+00 -0.106281827948E+00 -0.106281827948E+00  0.412366948127E+00  0.412366948127E+00  0.563763620713E+01  0.629521703209E+01  0.629521703209E+01
     107  0.102564102564E+00  0.102564102564E+00  0.102564102564E+00 -0.700813270734E+01 -0.189799519791E+00 -0.102189215458E+00 -0.102189215457E+00  0.411869783524E+00  0.411869783524E+00  0.547408206253E+01  0.626907180100E+01  0.626907180100E+01
     108  0.115384615385E+00  0.115384615385E+00  0.115384615385E+00 -0.698555363980E+01 -0.190292288791E+00 -0.976594121984E-01 -0.976594121983E-01  0.411366842774E+00  0.411366842774E+00  0.530324637432E+01  0.624031176685E+01  0.624031176685E+01
     109  0.128205128205E+00  0.128205128205E+00  0.128205128205E+00 -0.696060665779E+01 -0.190544464437E+00 -0.927329885471E-01 -0.927329885471E-01  0.410878249935E+00  0.410878249935E+00  0.512690849139E+01  0.620921329545E+01  0.620921329545E+01
     110  0.141025641026E+00  0.141025641026E+00  0.141025641026E+00 -0.693339131218E+01 -0.190457254916E+00 -0.874520012486E-01 -0.874520012485E-01  0.410428901298E+00  0.410428901299E+00  0.494649225211E+01  0.617606656130E+01  0.617606656130E+01
     111  0.153846153846E+00  0.153846153846E+00  0.153846153846E+00 -0.690401943990E+01 -0.189922824890E+00 -0.818645852673E-01 -0.818645852672E-01  0.410039212312E+00  0.410039212312E+00  0.476315211473E+01  0.614116208111E+01  0.614116208111E+01
     112  0.166666666667E+00  0.166666666667E+00  0.166666666667E+00 -0.687261561223E+01 -0.188823901996E+00 -0.760208896551E-01 -0.760208896550E-01  0.409734517763E+00  0.409734517763E+00  0.457784256168E+01  0.610479328441E+01  0.610479328441E+01
     113  0.179487179487E+00  0.179487179487E+00  0.179487179487E+00 -0.683931744789E+01 -0.187031154061E+00 -0.699735054045E-01 -0.699735054045E-01  0.409540182895E+00  0.409540182896E+00  0.439137394936E+01  0.606725144551E+01  0.606725144551E+01
     114  0.192307692308E+00  0.192307692308E+00  0.192307692308E+00 -0.680427633480E+01 -0.184407375685E+00 -0.637776071681E-01 -0.637776071681E-01  0.409479306603E+00  0.409479306603E+00  0.420444257216E+01  0.602882158703E+01  0.602882158703E+01
     115  0.205128205128E+00  0.205128205128E+00  0.205128205128E+00 -0.676765788187E+01 -0.180804885500E+00 -0.574891438195E-01 -0.574891438194E-01  0.409575200140E+00  0.409575200140E+00  0.401765933370E+01  0.598978209019E+01  0.598978209019E+01
     116  0.217948717949E+00  0.217948717949E+00  0.217948717949E+00 -0.672964212385E+01 -0.176065513996E+00 -0.511638183040E-01 -0.511638183039E-01  0.409849921382E+00  0.409849921382E+00  0.383157279130E+01  0.595040331733E+01  0.595040331733E+01
     117  0.230769230769E+00  0.230769230769E+00  0.230769230769E+00 -0.669042446927E+01 -0.170025791576E+00 -0.448582647618E-01 -0.448582647617E-01  0.410320525746E+00  0.410320525746E+00  0.364667195395E+01  0.591094352683E+01  0.591094352683E+01
     118  0.243589743590E+00  0.243589743590E+00  0.243589743590E+00 -0.665021513742E+01 -0.162506983593E+00 -0.386273750442E-01 -0.386273750441E-01  0.411001440451E+00  0.411001440452E+00  0.346341525488E+01  0.587165049065E+01  0.587165049065E+01
     119  0.256410256410E+00  0.256410256410E+00  0.256410256410E+00 -0.660924020380E+01 -0.153324751122E+00 -0.325225044556E-01 -0.325225044555E-01  0.411904450502E+00  0.411904450502E+00  0.328222225737E+01  0.583276234276E+01  0.583276234276E+01
     120  0.269230769231E+00  0.269230769231E+00  0.269230769231E+00 -0.656774083484E+01 -0.142282902581E+00 -0.265934395379E-01 -0.265934395379E-01  0.413029651226E+00  0.413029651227E+00  0.310348818550E+01  0.579450277161E+01  0.579450277161E+01
     121  0.282051282051E+00  0.282051282051E+00  0.282051282051E+00 -0.652597335356E+01 -0.129176300277E+00 -0.208842615698E-01 -0.208842615697E-01  0.414380416229E+00  0.414380416229E+00  0.292758474428E+01  0.575708604876E+01  0.575708604876E+01
     122  0.294871794872E+00  0.294871794872E+00  0.294871794872E+00 -0.648420871433E+01 -0.113790786012E+00 -0.154344533849E-01 -0.154344533848E-01  0.415947087413E+00  0.415947087413E+00  0.275486307508E+01  0.572071379859E+01  0.572071379859E+01
     123  0.307692307692E+00  0.307692307692E+00  0.307692307692E+00 -0.644273140370E+01 -0.959025171965E-01 -0.102776107351E-01 -0.102776107350E-01  0.417714699215E+00  0.417714699215E+00  0.258565718314E+01  0.568557638716E+01  0.568557638716E+01
     124  0.320512820513E+00  0.320512820513E+00  0.320512820513E+00 -0.640183870399E+01 -0.752821434278E-01 -0.544115771986E-02 -0.544115771977E-02  0.419661550095E+00  0.419661550095E+00  0.242028009926E+01  0.565185271302E+01  0.565185271302E+01
     125  0.333333333333E+00  0.333333333333E+00  0.333333333333E+00 -0.636183828884E+01 -0.516911215583E-01 -0.946772582863E-03 -0.946772582803E-03  0.421757536830E+00  0.421757536830E+00  0.225902976937E+01  0.561970960124E+01  0.561970960124E+01
     126  0.346153846154E+00  0.346153846154E+00  0.346153846154E+00 -0.632304571109E+01 -0.248833384461E-01  0.319285264626E-02  0.319285264629E-02  0.423971197776E+00  0.423971197776E+00  0.210219223727E+01  0.558930621525E+01  0.558930621525E+01
     127  0.358974358974E+00  0.358974358974E+00  0.358974358974E+00 -0.628578252744E+01  0.538980876469E-02  0.696755006285E-02  0.696755006294E-02  0.426258576931E+00  0.426258576931E+00  0.195002992133E+01  0.556078639060E+01  0.556078639060E+01
     128  0.371794871795E+00  0.371794871795E+00  0.371794871795E+00 -0.625037256792E+01  0.103745750199E-01  0.103745750199E-01  0.393789724302E-01  0.428575255288E+00  0.428575255288E+00  0.180278574871E+01  0.553428524500E+01  0.553428524500E+01
     129  0.384615384615E+00  0.384615384615E+00  0.384615384615E+00 -0.621713622318E+01  0.134158448518E-01  0.134158448518E-01  0.773403787905E-01  0.430873940070E+00  0.430873940070E+00  0.166069350716E+01  0.550992686633E+01  0.550992686633E+01
     130  0.397435897436E+00  0.397435897436E+00  0.397435897436E+00 -0.618638835590E+01  0.160975868750E-01  0.160975868751E-01  0.119523491963E+00  0.433104434141E+00  0.433104434141E+00  0.152395639381E+01  0.548782473213E+01  0.548782473213E+01
     131  0.410256410256E+00  0.410256410256E+00  0.410256410256E+00 -0.615843202494E+01  0.184272127357E-01  0.184272127358E-01  0.166172636598E+00  0.435217169677E+00  0.435217169677E+00  0.139275770096E+01  0.546807970897E+01  0.546807970897E+01
     132  0.423076923077E+00  0.423076923077E+00  0.423076923077E+00 -0.613355285495E+01  0.204138154953E-01  0.204138154953E-01  0.217522361598E+00  0.437161812121E+00  0.437161812121E+00  0.126725865011E+01  0.545078020486E+01  0.545078020486E+01
     133  0.435897435897E+00  0.435897435897E+00  0.435897435897E+00 -0.611201340221E+01  0.220705655321E-01  0.220705655321E-01  0.273792223347E+00  0.438894287941E+00  0.438894287941E+00  0.114759911869E+01  0.543600795039E+01  0.543600795039E+01
     134  0.448717948718E+00  0.448717948718E+00  0.448717948718E+00 -0.609404785211E+01  0.234078771633E-01  0.234078771634E-01  0.335174764278E+00  0.440372879601E+00  0.440372879601E+00  0.103390087315E+01  0.542382910451E+01  0.542382910451E+01
     135  0.461538461538E+00  0.461538461538E+00  0.461538461538E+00 -0.607985660110E+01  0.244356991450E-01  0.244356991451E-01  0.401812991902E+00  0.441559014439E+00  0.441559014439E+00  0.926285936267E+00  0.541429863874E+01  0.541429863874E+01
     136  0.474358974359E+00  0.474358974359E+00  0.474358974359E+00 -0.606960075391E+01  0.251633740628E-01  0.251633740629E-01  0.442429781503E+00  0.442429781503E+00  0.473720430917E+00  0.824954610347E+00  0.540746037039E+01  0.540746037039E+01
     137  0.487179487179E+00  0.487179487179E+00  0.487179487179E+00 -0.606339881719E+01  0.255985482720E-01  0.255985482721E-01  0.442965445188E+00  0.442965445188E+00  0.550257085429E+00  0.730702301756E+00  0.540334640539E+01  0.540334640539E+01
     138  0.500000000000E+00  0.500000000000E+00  0.500000000000E+00 -0.606132324688E+01  0.257427070364E-01  0.257427070365E-01  0.443144095831E+00  0.443144095831E+00  0.613394065141E+00  0.661650812321E+00  0.540197253900E+01  0.540197253900E+01
     139  0.508928571429E+00  0.482142857143E+00  0.508928571429E+00 -0.605840795245E+01  0.256613399215E-01  0.272658913638E-01  0.436208672988E+00  0.442968279349E+00  0.617828479756E+00  0.670852843778E+00  0.536246374304E+01  0.539252740561E+01
     140  0.517857142857E+00  0.464285714286E+00  0.517857142857E+00 -0.604974874274E+01  0.253451049124E-01  0.318031102404E-01  0.419741333209E+00  0.442458197978E+00  0.624432208533E+00  0.700854310045E+00  0.524919748297E+01  0.536465679243E+01
     141  0.526785714286E+00  0.446428571429E+00  0.526785714286E+00 -0.603560743673E+01  0.245763453096E-01  0.392319997015E-01  0.400479486724E+00  0.441652924400E+00  0.628913362190E+00  0.749235217370E+00  0.507553111099E+01  0.531967769581E+01
     142  0.535714285714E+00  0.428571428571E+00  0.535714285714E+00 -0.601642126036E+01  0.230422062136E-01  0.493540848402E-01  0.382321929894E+00  0.440621421982E+00  0.632811774172E+00  0.810520400878E+00  0.485798555406E+01  0.525963073010E+01
     143  0.544642857143E+00  0.410714285714E+00  0.544642857143E+00 -0.599280291184E+01  0.203885902004E-01  0.618830569866E-01  0.366855905749E+00  0.439461319705E+00  0.637586731549E+00  0.881423739965E+00  0.461239261988E+01  0.518707530358E+01
     144  0.553571428571E+00  0.392857142857E+00  0.553571428571E+00 -0.596554063713E+01  0.163167755534E-01  0.764435907392E-01  0.354422224201E+00  0.438304276267E+00  0.644293086294E+00  0.959899554027E+00  0.435239055074E+01  0.510488279464E+01
     145  0.562500000000E+00  0.375000000000E+00  0.562500000000E+00 -0.593559575596E+01  0.106510719419E-01  0.925662278948E-01  0.344607857690E+00  0.437312752318E+00  0.653884617058E+00  0.104406555966E+01  0.408949407619E+01  0.501604826599E+01
     146  0.571428571429E+00  0.357142857143E+00  0.571428571429E+00 -0.590409573274E+01  0.339358042118E-02  0.109683151970E+00  0.336509932990E+00  0.436685984595E+00  0.667234743684E+00  0.113160680156E+01  0.383387244774E+01  0.492354613356E+01
     147  0.580357142857E+00  0.339285714286E+00  0.580357142857E+00 -0.587232181391E+01 -0.529805887219E-02  0.127134425145E+00  0.328953963720E+00  0.436653668517E+00  0.684948700039E+00  0.121934840940E+01  0.359528354661E+01  0.483023360101E+01
     148  0.589285714286E+00  0.321428571429E+00  0.589285714286E+00 -0.584168790164E+01 -0.151731726426E-01  0.144179405943E+00  0.320754324101E+00  0.437459677538E+00  0.707011247588E+00  0.130295656255E+01  0.338396382136E+01  0.473878951363E+01
     149  0.598214285714E+00  0.303571428571E+00  0.598214285714E+00 -0.581370728761E+01 -0.259615816243E-01  0.160040475505E+00  0.310952013033E+00  0.439334092067E+00  0.732306977200E+00  0.137706405409E+01  0.321113754272E+01  0.465169027552E+01
     150  0.607142857143E+00  0.285714285714E+00  0.607142857143E+00 -0.578994740282E+01 -0.374540935804E-01  0.173958307200E+00  0.298941155627E+00  0.442442223645E+00  0.758021297728E+00  0.143664342538E+01  0.308832970689E+01  0.457119469356E+01
     151  0.616071428571E+00  0.267857142857E+00  0.616071428571E+00 -0.577196796061E+01 -0.495408203708E-01  0.185278156275E+00  0.284494167298E+00  0.446813521673E+00  0.779102227583E+00  0.148053889304E+01  0.302449666327E+01  0.449933859384E+01
     152  0.625000000000E+00  0.250000000000E+00  0.625000000000E+00 -0.576124712698E+01 -0.622369276203E-01  0.193534013124E+00  0.267703888864E+00  0.452283872905E+00  0.788434095555E+00  0.151564075655E+01  0.302174617489E+01  0.443793070777E+01
     153  0.609375000000E+00  0.250000000000E+00  0.640625000000E+00 -0.576027225264E+01 -0.600963869512E-01  0.191957865147E+00  0.269672061487E+00  0.450056634773E+00  0.790127564797E+00  0.151768742548E+01  0.302809335628E+01  0.440871413560E+01
     154  0.593750000000E+00  0.250000000000E+00  0.656250000000E+00 -0.575745125635E+01 -0.540011163520E-01  0.187955081664E+00  0.274971950617E+00  0.443603518580E+00  0.795124328117E+00  0.152349809710E+01  0.304708318848E+01  0.432532503618E+01
     155  0.578125000000E+00  0.250000000000E+00  0.671875000000E+00 -0.575309212793E+01 -0.449160418170E-01  0.183025162010E+00  0.282452147719E+00  0.433560783788E+00  0.803165532320E+00  0.153213071219E+01  0.307854730495E+01  0.419917570362E+01
     156  0.562500000000E+00  0.250000000000E+00  0.687500000000E+00 -0.574770245017E+01 -0.343724331273E-01  0.178465215346E+00  0.291320256787E+00  0.420865092816E+00  0.813753582933E+00  0.154216499234E+01  0.312215499881E+01  0.404576902096E+01
     157  0.546875000000E+00  0.250000000000E+00  0.703125000000E+00 -0.574197640103E+01 -0.242365534796E-01  0.174881302696E+00  0.301424388174E+00  0.406631194839E+00  0.826032382422E+00  0.155196324247E+01  0.317732392501E+01  0.388181374221E+01
     158  0.531250000000E+00  0.250000000000E+00  0.718750000000E+00 -0.573677834731E+01 -0.162752410860E-01  0.171954549369E+00  0.313002522045E+00  0.392091788054E+00  0.838540537697E+00  0.156013479288E+01  0.324296684603E+01  0.372356190260E+01
     159  0.515625000000E+00  0.250000000000E+00  0.734375000000E+00 -0.573311513025E+01 -0.116619665998E-01  0.168529829750E+00  0.325703398752E+00  0.378965799814E+00  0.848874800810E+00  0.156634660631E+01  0.331635392208E+01  0.358686982659E+01
     160  0.500000000000E+00  0.250000000000E+00  0.750000000000E+00 -0.573209851678E+01 -0.107931611767E-01  0.163284051444E+00  0.335180501510E+00  0.372069810727E+00  0.853386246277E+00  0.157246040887E+01  0.338198675411E+01  0.349746123854E+01
     161  0.500000000000E+00  0.265625000000E+00  0.734375000000E+00 -0.573430037943E+01 -0.837348594798E-02  0.172254770373E+00  0.330492463501E+00  0.371952645934E+00  0.847046442169E+00  0.155684178107E+01  0.329026609451E+01  0.362182680396E+01
     162  0.500000000000E+00  0.281250000000E+00  0.718750000000E+00 -0.574351517253E+01 -0.510258392336E-02  0.172395692236E+00  0.333795721069E+00  0.370770905517E+00  0.829379952348E+00  0.153723186883E+01  0.322759965542E+01  0.377736254173E+01
     163  0.500000000000E+00  0.296875000000E+00  0.703125000000E+00 -0.575924624496E+01 -0.111491148375E-02  0.164735240961E+00  0.343891243878E+00  0.368746552295E+00  0.803613679225E+00  0.150714039032E+01  0.321335240000E+01  0.394639243935E+01
     164  0.500000000000E+00  0.312500000000E+00  0.687500000000E+00 -0.578069763828E+01  0.335104507441E-02  0.152280358746E+00  0.356361728089E+00  0.367462561567E+00  0.773851830271E+00  0.146081486903E+01  0.325370168139E+01  0.412175839129E+01
     165  0.500000000000E+00  0.328125000000E+00  0.671875000000E+00 -0.580683408332E+01  0.797572614736E-02  0.137774794020E+00  0.358993305153E+00  0.376692855226E+00  0.743723224233E+00  0.139703031660E+01  0.334804891260E+01  0.429802472242E+01
     166  0.500000000000E+00  0.343750000000E+00  0.656250000000E+00 -0.583645102618E+01  0.123968289819E-01  0.122944162930E+00  0.355890158285E+00  0.391063703847E+00  0.715842028838E+00  0.131904492341E+01  0.349052074071E+01  0.447061230209E+01
     167  0.500000000000E+00  0.359375000000E+00  0.640625000000E+00 -0.586824773562E+01  0.162704222621E-01  0.108647142529E+00  0.353008871140E+00  0.404369988196E+00  0.691785706293E+00  0.123218184110E+01  0.367266300816E+01  0.463555149690E+01
     168  0.500000000000E+00  0.375000000000E+00  0.625000000000E+00 -0.590089669226E+01  0.193578611208E-01  0.951516079245E-01  0.351816563204E+00  0.415621725507E+00  0.672254057151E+00  0.114168917802E+01  0.388545469066E+01  0.478942548136E+01
     169  0.500000000000E+00  0.390625000000E+00  0.609375000000E+00 -0.593310248780E+01  0.215918331541E-01  0.823930576969E-01  0.353474216107E+00  0.424561527300E+00  0.657262728240E+00  0.105180814282E+01  0.411994900151E+01  0.492939243822E+01
     170  0.500000000000E+00  0.406250000000E+00  0.593750000000E+00 -0.596364994318E+01  0.230810563712E-01  0.702347663203E-01  0.358911182906E+00  0.431263131252E+00  0.646332837936E+00  0.965674653309E+00  0.436698229375E+01  0.505322127202E+01
     171  0.500000000000E+00  0.421875000000E+00  0.578125000000E+00 -0.599144053758E+01  0.240346509493E-01  0.587013906944E-01  0.368652002794E+00  0.436007201743E+00  0.638672824779E+00  0.885574683881E+00  0.461644121773E+01  0.515930612098E+01
     172  0.500000000000E+00  0.437500000000E+00  0.562500000000E+00 -0.601551718453E+01  0.246676837492E-01  0.480912866380E-01  0.382672965315E+00  0.439181303989E+00  0.633319189215E+00  0.813344056800E+00  0.485638536694E+01  0.524663000141E+01
     173  0.500000000000E+00  0.453125000000E+00  0.546875000000E+00 -0.603508291580E+01  0.251206012907E-01  0.389231020628E-01  0.400233423512E+00  0.441181455109E+00  0.629135970963E+00  0.750968185663E+00  0.507225700559E+01  0.531465743221E+01
     174  0.500000000000E+00  0.468750000000E+00  0.531250000000E+00 -0.604950993312E+01  0.254530752552E-01  0.318084704664E-01  0.419426907132E+00  0.442357132629E+00  0.624561276559E+00  0.701688233967E+00  0.524679333294E+01  0.536320753312E+01
     175  0.500000000000E+00  0.484375000000E+00  0.515625000000E+00 -0.605834735158E+01  0.256669063071E-01  0.272905433334E-01  0.436079326780E+00  0.442959587608E+00  0.617903274231E+00  0.671052891915E+00  0.536169305279E+01  0.539228849994E+01
     176  0.500000000000E+00  0.500000000000E+00  0.500000000000E+00 -0.606132324688E+01  0.257427070365E-01  0.257427070365E-01  0.443144095831E+00  0.443144095831E+00  0.613394065141E+00  0.661650812321E+00  0.540197253900E+01  0.540197253900E+01
     177  0.491071428571E+00  0.491071428571E+00  0.517857142857E+00 -0.605840795245E+01  0.256613399215E-01  0.272658913639E-01  0.436208672988E+00  0.442968279349E+00  0.617828479756E+00  0.670852843778E+00  0.536246374303E+01  0.539252740561E+01
     178  0.482142857143E+00  0.482142857143E+00  0.535714285714E+00 -0.604974874274E+01  0.253451049123E-01  0.318031102405E-01  0.419741333209E+00  0.442458197978E+00  0.624432208533E+00  0.700854310045E+00  0.524919748297E+01  0.536465679243E+01
     179  0.473214285714E+00  0.473214285714E+00  0.553571428571E+00 -0.603560743673E+01  0.245763453096E-01  0.392319997016E-01  0.400479486724E+00  0.441652924400E+00  0.628913362190E+00  0.749235217370E+00  0.507553111099E+01  0.531967769581E+01
     180  0.464285714286E+00  0.464285714286E+00  0.571428571429E+00 -0.601642126036E+01  0.230422062135E-01  0.493540848402E-01  0.382321929894E+00  0.440621421982E+00  0.632811774172E+00  0.810520400878E+00  0.485798555406E+01  0.525963073010E+01
     181  0.455357142857E+00  0.455357142857E+00  0.589285714286E+00 -0.599280291184E+01  0.203885902004E-01  0.618830569867E-01  0.366855905750E+00  0.439461319705E+00  0.637586731549E+00  0.881423739965E+00  0.461239261988E+01  0.518707530358E+01
     182  0.446428571429E+00  0.446428571429E+00  0.607142857143E+00 -0.596554063713E+01  0.163167755533E-01  0.764435907392E-01  0.354422224201E+00  0.438304276267E+00  0.644293086294E+00  0.959899554027E+00  0.435239055074E+01  0.510488279464E+01
     183  0.437500000000E+00  0.437500000000E+00  0.625000000000E+00 -0.593559575596E+01  0.106510719419E-01  0.925662278949E-01  0.344607857690E+00  0.437312752318E+00  0.653884617058E+00  0.104406555966E+01  0.408949407619E+01  0.501604826599E+01
     184  0.428571428571E+00  0.428571428571E+00  0.642857142857E+00 -0.590409573274E+01  0.339358042117E-02  0.109683151970E+00  0.336509932990E+00  0.436685984594E+00  0.667234743684E+00  0.113160680156E+01  0.383387244774E+01  0.492354613356E+01
     185  0.419642857143E+00  0.419642857143E+00  0.660714285714E+00 -0.587232181391E+01 -0.529805887223E-02  0.127134425145E+00  0.328953963720E+00  0.436653668516E+00  0.684948700039E+00  0.121934840940E+01  0.359528354661E+01  0.483023360101E+01
     186  0.410714285714E+00  0.410714285714E+00  0.678571428571E+00 -0.584168790164E+01 -0.151731726426E-01  0.144179405943E+00  0.320754324101E+00  0.437459677538E+00  0.707011247588E+00  0.130295656255E+01  0.338396382136E+01  0.473878951363E+01
     187  0.401785714286E+00  0.401785714286E+00  0.696428571429E+00 -0.581370728761E+01 -0.259615816243E-01  0.160040475505E+00  0.310952013033E+00  0.439334092067E+00  0.732306977200E+00  0.137706405409E+01  0.321113754272E+01  0.465169027552E+01
     188  0.392857142857E+00  0.392857142857E+00  0.714285714286E+00 -0.578994740282E+01 -0.374540935803E-01  0.173958307200E+00  0.298941155627E+00  0.442442223645E+00  0.758021297728E+00  0.143664342538E+01  0.308832970689E+01  0.457119469356E+01
     189  0.383928571429E+00  0.383928571429E+00  0.732142857143E+00 -0.577196796061E+01 -0.495408203708E-01  0.185278156275E+00  0.284494167298E+00  0.446813521672E+00  0.779102227583E+00  0.148053889304E+01  0.302449666327E+01  0.449933859384E+01
     190  0.375000000000E+00  0.375000000000E+00  0.750000000000E+00 -0.576124712698E+01 -0.622369276202E-01  0.193534013124E+00  0.267703888864E+00  0.452283872905E+00  0.788434095555E+00  0.151564075655E+01  0.302174617489E+01  0.443793070777E+01
     191  0.625000000000E+00  0.250000000000E+00  0.625000000000E+00 -0.576124712698E+01 -0.622369276203E-01  0.193534013124E+00  0.267703888864E+00  0.452283872905E+00  0.788434095555E+00  0.151564075655E+01  0.302174617489E+01  0.443793070777E+01
     192  0.609375000000E+00  0.218750000000E+00  0.609375000000E+00 -0.575008413795E+01 -0.840447748628E-01  0.208921339858E+00  0.246560676605E+00  0.460984766907E+00  0.778230557563E+00  0.154452813174E+01  0.311453378982E+01  0.433849895162E+01
     193  0.593750000000E+00  0.187500000000E+00  0.593750000000E+00 -0.574320786010E+01 -0.108986567442E+00  0.222890500966E+00  0.230331239412E+00  0.469438371904E+00  0.755180649522E+00  0.157464303037E+01  0.324498301989E+01  0.424915602712E+01
     194  0.578125000000E+00  0.156250000000E+00  0.578125000000E+00 -0.573952673047E+01 -0.135313195737E+00  0.219429161240E+00  0.235163089682E+00  0.477372212412E+00  0.727141710714E+00  0.159949973780E+01  0.340121016462E+01  0.417115834551E+01
     195  0.562500000000E+00  0.125000000000E+00  0.562500000000E+00 -0.573802962853E+01 -0.160756831158E+00  0.213189257220E+00  0.245501971774E+00  0.484485731974E+00  0.699176160818E+00  0.161765091419E+01  0.356743169892E+01  0.410563855729E+01
     196  0.546875000000E+00  0.937500000000E-01  0.546875000000E+00 -0.573783531974E+01 -0.183062208321E+00  0.210385472887E+00  0.253718624616E+00  0.490457555137E+00  0.674510928755E+00  0.162991325985E+01  0.372566853549E+01  0.405357960773E+01
     197  0.531250000000E+00  0.625000000000E-01  0.531250000000E+00 -0.573822680112E+01 -0.200346685771E+00  0.209654706743E+00  0.259675866980E+00  0.494986391658E+00  0.655340217881E+00  0.163759634968E+01  0.385723750735E+01  0.401578786686E+01
     198  0.515625000000E+00  0.312500000000E-01  0.515625000000E+00 -0.573867637712E+01 -0.211253251160E+00  0.209784314695E+00  0.263282297425E+00  0.497816667419E+00  0.643198809914E+00  0.164177437290E+01  0.394480744474E+01  0.399286398088E+01
     199  0.500000000000E+00  0.000000000000E+00  0.500000000000E+00 -0.573886213039E+01 -0.214977025418E+00  0.209929528247E+00  0.264489828544E+00  0.498780379867E+00  0.639042977318E+00  0.164309635913E+01  0.397559188350E+01  0.398518071312E+01
