       1  0.000000000000E+00  0.000000000000E+00  0.000000000000E+00  0.574843881829E+01  0.126689573376E+02  0.126689573376E+02  0.126689573376E+02  0.139661751377E+02  0.139661751377E+02  0.398707169913E+02  0.442691890382E+02  0.442691890382E+02
       2  0.156250000000E-01  0.000000000000E+00  0.156250000000E-01  0.576207969013E+01  0.126636918626E+02  0.126729971086E+02  0.126729971086E+02  0.139612916755E+02  0.139680504212E+02  0.398474264399E+02  0.441532815203E+02  0.441532815203E+02
       3  0.312500000000E-01  0.000000000000E+00  0.312500000000E-01  0.580292557432E+01  0.126479607064E+02  0.126851030802E+02  0.126851030802E+02  0.139467165021E+02  0.139736560126E+02  0.397793906777E+02  0.438379673647E+02  0.438379673647E+02
       4  0.468750000000E-01  0.000000000000E+00  0.468750000000E-01  0.587080971971E+01  0.126219613725E+02  0.127052384578E+02  0.127052384578E+02  0.139226889440E+02  0.139829445669E+02  0.396716774564E+02  0.433873988476E+02  0.433873988476E+02
       5  0.625000000000E-01  0.000000000000E+00  0.625000000000E-01  0.596543830507E+01  0.125860179831E+02  0.127333404439E+02  0.127333404439E+02  0.138896146113E+02  0.139958348830E+02  0.395314270769E+02  0.428551575272E+02  0.428551575272E+02
       6  0.781250000000E-01  0.000000000000E+00  0.781250000000E-01  0.608638433237E+01  0.125405749589E+02  0.127693184146E+02  0.127693184146E+02  0.138480780333E+02  0.140122148611E+02  0.393665390579E+02  0.422754816864E+02  0.422754816864E+02
       7  0.937500000000E-01  0.000000000000E+00  0.937500000000E-01  0.623306947058E+01  0.124861880568E+02  0.128130510301E+02  0.128130510301E+02  0.137988619433E+02  0.140319406422E+02  0.391846260339E+02  0.416689284012E+02  0.416689284012E+02
       8  0.109375000000E+00  0.000000000000E+00  0.109375000000E+00  0.640474123681E+01  0.124235135645E+02  0.128643833484E+02  0.128643833484E+02  0.137429729471E+02  0.140548384551E+02  0.389923957167E+02  0.410482387058E+02  0.410482387058E+02
       9  0.125000000000E+00  0.000000000000E+00  0.125000000000E+00  0.660043729815E+01  0.123532959395E+02  0.129231225929E+02  0.129231225929E+02  0.136816763967E+02  0.140807054976E+02  0.387954071709E+02  0.404217530848E+02  0.404217530848E+02
      10  0.140625000000E+00  0.000000000000E+00  0.140625000000E+00  0.681893636692E+01  0.122763543951E+02  0.129890334341E+02  0.129890334341E+02  0.136165435609E+02  0.141093112624E+02  0.385980696948E+02  0.397952762517E+02  0.397952762517E+02
      11  0.156250000000E+00  0.000000000000E+00  0.156250000000E+00  0.705868974287E+01  0.121935688343E+02  0.130618326246E+02  0.130618326246E+02  0.135495156670E+02  0.141403990250E+02  0.384037642282E+02  0.391730901190E+02  0.391730901190E+02
      12  0.171875000000E+00  0.000000000000E+00  0.171875000000E+00  0.731772635638E+01  0.121058656562E+02  0.131411830970E+02  0.131411830970E+02  0.134829914250E+02  0.141736877069E+02  0.382150081283E+02  0.385585246623E+02  0.385585246623E+02
      13  0.187500000000E+00  0.000000000000E+00  0.187500000000E+00  0.759352343258E+01  0.120142043057E+02  0.132266875482E+02  0.132266875482E+02  0.134199463954E+02  0.142088738119E+02  0.379543460340E+02  0.379543460340E+02  0.380337119318E+02
      14  0.203125000000E+00  0.000000000000E+00  0.203125000000E+00  0.788282641999E+01  0.119195614944E+02  0.133178814716E+02  0.133178814716E+02  0.133640930952E+02  0.142456337750E+02  0.373627614236E+02  0.373627614236E+02  0.378609661523E+02
      15  0.218750000000E+00  0.000000000000E+00  0.218750000000E+00  0.818142845268E+01  0.118229212213E+02  0.133200873612E+02  0.134142262683E+02  0.134142262683E+02  0.142836263204E+02  0.367857872046E+02  0.367857872046E+02  0.376976632651E+02
      16  0.234375000000E+00  0.000000000000E+00  0.234375000000E+00  0.848390406769E+01  0.117252627142E+02  0.132937685028E+02  0.135151019692E+02  0.135151019692E+02  0.143224956256E+02  0.362254623497E+02  0.362254623497E+02  0.372216975771E+02
      17  0.250000000000E+00  0.000000000000E+00  0.250000000000E+00  0.878335412115E+01  0.116275479958E+02  0.132923777702E+02  0.136198004703E+02  0.136198004703E+02  0.143618738564E+02  0.356834585693E+02  0.356834585693E+02  0.364564099446E+02
      18  0.265625000000E+00  0.000000000000E+00  0.265625000000E+00  0.907131935864E+01  0.115307141559E+02  0.133246087843E+02  0.137275191290E+02  0.137275191290E+02  0.144013846748E+02  0.351614772506E+02  0.351614772506E+02  0.356453671870E+02
      19  0.281250000000E+00  0.000000000000E+00  0.281250000000E+00  0.933813162686E+01  0.114356649961E+02  0.134002149786E+02  0.138373557086E+02  0.138373557086E+02  0.144406466874E+02  0.346612082238E+02  0.346612082238E+02  0.347991789349E+02
      20  0.296875000000E+00  0.000000000000E+00  0.296875000000E+00  0.957398439329E+01  0.113432636202E+02  0.135288338972E+02  0.139483037936E+02  0.139483037936E+02  0.144792770329E+02  0.339290442887E+02  0.341842659760E+02  0.341842659760E+02
      21  0.312500000000E+00  0.000000000000E+00  0.312500000000E+00  0.977093540281E+01  0.112543278312E+02  0.137179733084E+02  0.140592536693E+02  0.140592536693E+02  0.145168953198E+02  0.330465115705E+02  0.337324425427E+02  0.337324425427E+02
      22  0.328125000000E+00  0.000000000000E+00  0.328125000000E+00  0.992493944034E+01  0.111696243160E+02  0.139708031585E+02  0.141689930599E+02  0.141689930599E+02  0.145531274483E+02  0.321612768104E+02  0.333074219347E+02  0.333074219347E+02
      23  0.343750000000E+00  0.000000000000E+00  0.343750000000E+00  0.100368843708E+02  0.110898637879E+02  0.142762137372E+02  0.142762137372E+02  0.142849915707E+02  0.145876076602E+02  0.312820618572E+02  0.329109423396E+02  0.329109423396E+02
      24  0.359375000000E+00  0.000000000000E+00  0.359375000000E+00  0.101118213115E+02  0.110157054449E+02  0.143795273414E+02  0.143795273414E+02  0.146199904290E+02  0.146532500273E+02  0.304168716863E+02  0.325448369585E+02  0.325448369585E+02
      25  0.375000000000E+00  0.000000000000E+00  0.375000000000E+00  0.101570537782E+02  0.109477441698E+02  0.144774816155E+02  0.144774816155E+02  0.146499431907E+02  0.150649274492E+02  0.295735792277E+02  0.322108865013E+02  0.322108865013E+02
      26  0.390625000000E+00  0.000000000000E+00  0.390625000000E+00  0.101802548531E+02  0.108865139986E+02  0.145685847784E+02  0.145685847784E+02  0.146771574854E+02  0.155073924696E+02  0.287605746768E+02  0.319108662387E+02  0.319108662387E+02
      27  0.406250000000E+00  0.000000000000E+00  0.406250000000E+00  0.101883375089E+02  0.108324888527E+02  0.146513483661E+02  0.146513483661E+02  0.147013510050E+02  0.159664963716E+02  0.279878607140E+02  0.316465345677E+02  0.316465345677E+02
      28  0.421875000000E+00  0.000000000000E+00  0.421875000000E+00  0.101869900953E+02  0.107860795603E+02  0.147222711275E+02  0.147243247949E+02  0.147243247949E+02  0.164259935041E+02  0.272681175982E+02  0.314195599290E+02  0.314195599290E+02
      29  0.437500000000E+00  0.000000000000E+00  0.437500000000E+00  0.101806581174E+02  0.107476299838E+02  0.147396974718E+02  0.147861553676E+02  0.147861553676E+02  0.168662100959E+02  0.266182939379E+02  0.312314769633E+02  0.312314769633E+02
      30  0.453125000000E+00  0.000000000000E+00  0.453125000000E+00  0.101726471872E+02  0.107174330451E+02  0.147534473558E+02  0.148356348669E+02  0.148356348669E+02  0.172623779460E+02  0.260609378449E+02  0.310836570686E+02  0.310836570686E+02
      31  0.468750000000E+00  0.000000000000E+00  0.468750000000E+00  0.101653497126E+02  0.106957057559E+02  0.147633744942E+02  0.148717494393E+02  0.148717494393E+02  0.175838689243E+02  0.256252704823E+02  0.309772182910E+02  0.309772182910E+02
      32  0.484375000000E+00  0.000000000000E+00  0.484375000000E+00  0.101603621200E+02  0.106826061752E+02  0.147693733911E+02  0.148937357287E+02  0.148937357287E+02  0.177966053551E+02  0.253443957298E+02  0.309130051715E+02  0.309130051715E+02
      33  0.500000000000E+00  0.000000000000E+00  0.500000000000E+00  0.101586001435E+02  0.106782291144E+02  0.147713801588E+02  0.149011183160E+02  0.149011183160E+02  0.178714628748E+02  0.252468851337E+02  0.308915415980E+02  0.308915415980E+02
      34  0.500000000000E+00  0.156250000000E-01  0.515625000000E+00  0.101659982689E+02  0.106831421382E+02  0.147650396004E+02  0.148645845189E+02  0.149011302290E+02  0.179188968183E+02  0.252497008220E+02  0.308077594809E+02  0.308437007892E+02
      35  0.500000000000E+00  0.312500000000E-01  0.531250000000E+00  0.101880568999E+02  0.106978871095E+02  0.147461010808E+02  0.147614468098E+02  0.149011655099E+02  0.180547257506E+02  0.252581980776E+02  0.305723032849E+02  0.307055466524E+02
      36  0.500000000000E+00  0.468750000000E-01  0.546875000000E+00  0.102243657214E+02  0.107224817930E+02  0.146069782682E+02  0.147148225986E+02  0.149012228021E+02  0.182636488792E+02  0.252725352335E+02  0.302214255955E+02  0.304912564031E+02
      37  0.500000000000E+00  0.625000000000E-01  0.562500000000E+00  0.102742255882E+02  0.107569586849E+02  0.144178168191E+02  0.146716551050E+02  0.149013007199E+02  0.185289892700E+02  0.252929421200E+02  0.297924610123E+02  0.302194536154E+02
      38  0.500000000000E+00  0.781250000000E-01  0.578125000000E+00  0.103366287498E+02  0.108013470483E+02  0.142075872752E+02  0.146172856870E+02  0.149013945904E+02  0.188370445963E+02  0.253197213520E+02  0.293140773213E+02  0.299090578080E+02
      39  0.500000000000E+00  0.937500000000E-01  0.593750000000E+00  0.104102291892E+02  0.108556959316E+02  0.139861016347E+02  0.145526865308E+02  0.149015046164E+02  0.191779381403E+02  0.253532350002E+02  0.288058199562E+02  0.295768288997E+02
      40  0.500000000000E+00  0.109375000000E+00  0.609375000000E+00  0.104933039543E+02  0.109200598313E+02  0.137600724049E+02  0.144791752835E+02  0.149016206678E+02  0.195448306188E+02  0.253938874566E+02  0.282804387674E+02  0.292365038728E+02
      41  0.500000000000E+00  0.125000000000E+00  0.625000000000E+00  0.105836943432E+02  0.109944924050E+02  0.135340421512E+02  0.143985062107E+02  0.149017414018E+02  0.199330724891E+02  0.254420176611E+02  0.277461971505E+02  0.288989425107E+02
      42  0.500000000000E+00  0.140625000000E+00  0.640625000000E+00  0.106787423820E+02  0.110790446978E+02  0.133111054031E+02  0.143129396714E+02  0.149018619431E+02  0.203394267758E+02  0.254977631611E+02  0.272084943084E+02  0.285726394933E+02
      43  0.500000000000E+00  0.156250000000E+00  0.656250000000E+00  0.107752338070E+02  0.111737727643E+02  0.130934017394E+02  0.142253368419E+02  0.149019774531E+02  0.207615912340E+02  0.255610007405E+02  0.266710302885E+02  0.282644264377E+02
      44  0.500000000000E+00  0.171875000000E+00  0.671875000000E+00  0.108693406275E+02  0.112787254002E+02  0.128824338497E+02  0.141392193424E+02  0.149020844671E+02  0.211978828479E+02  0.256309410418E+02  0.261363918102E+02  0.279801737650E+02
      45  0.500000000000E+00  0.187500000000E+00  0.687500000000E+00  0.109566270552E+02  0.113939305836E+02  0.126792716097E+02  0.140587715419E+02  0.149021782922E+02  0.216470231913E+02  0.256063304514E+02  0.257055940449E+02  0.277256860532E+02
      46  0.500000000000E+00  0.203125000000E+00  0.703125000000E+00  0.110321830837E+02  0.115194039071E+02  0.124846843126E+02  0.139887112369E+02  0.149022553149E+02  0.221080085285E+02  0.250821718690E+02  0.257809144558E+02  0.275078521601E+02
      47  0.500000000000E+00  0.218750000000E+00  0.718750000000E+00  0.110909682727E+02  0.116551376164E+02  0.122992274994E+02  0.139339421490E+02  0.149023125860E+02  0.225800169613E+02  0.245649336670E+02  0.258495331837E+02  0.273361217768E+02
      48  0.500000000000E+00  0.234375000000E+00  0.734375000000E+00  0.111284246991E+02  0.118010931707E+02  0.121233015936E+02  0.138989289717E+02  0.149023501130E+02  0.230623481157E+02  0.240554397133E+02  0.258998456621E+02  0.272234205644E+02
      49  0.500000000000E+00  0.250000000000E+00  0.750000000000E+00  0.111413056687E+02  0.119571914088E+02  0.119571914088E+02  0.138868682706E+02  0.149023619977E+02  0.235543677062E+02  0.235543677062E+02  0.259187161560E+02  0.271836678619E+02
      50  0.484375000000E+00  0.265625000000E+00  0.750000000000E+00  0.111347915596E+02  0.117967662443E+02  0.121233446742E+02  0.138983707387E+02  0.148942958516E+02  0.230821826896E+02  0.238497356836E+02  0.260135825263E+02  0.273466802128E+02
      51  0.468750000000E+00  0.281250000000E+00  0.750000000000E+00  0.111161674236E+02  0.116436870261E+02  0.122966122579E+02  0.139293845082E+02  0.148702411767E+02  0.226615149241E+02  0.238252328311E+02  0.261096914009E+02  0.279369100361E+02
      52  0.453125000000E+00  0.296875000000E+00  0.750000000000E+00  0.110865359422E+02  0.115073799190E+02  0.124715712093E+02  0.139733214881E+02  0.148313041407E+02  0.222963446529E+02  0.236677353386E+02  0.261108407644E+02  0.288553207975E+02
      53  0.437500000000E+00  0.312500000000E+00  0.750000000000E+00  0.110470781632E+02  0.113966133149E+02  0.126410516036E+02  0.140227523442E+02  0.147803490293E+02  0.219907059251E+02  0.234840522778E+02  0.260759009607E+02  0.299239887236E+02
      54  0.421875000000E+00  0.328125000000E+00  0.750000000000E+00  0.110013818210E+02  0.113163621940E+02  0.127955456476E+02  0.140703483312E+02  0.147228476643E+02  0.217484072822E+02  0.233180776795E+02  0.260374872155E+02  0.310428340695E+02
      55  0.406250000000E+00  0.343750000000E+00  0.750000000000E+00  0.109577808762E+02  0.112651090557E+02  0.129227365242E+02  0.141095910101E+02  0.146676427635E+02  0.215727551417E+02  0.231897205951E+02  0.260068106162E+02  0.321273174285E+02
      56  0.390625000000E+00  0.359375000000E+00  0.750000000000E+00  0.109266457167E+02  0.112373792105E+02  0.130081105699E+02  0.141353425327E+02  0.146265781738E+02  0.214662950000E+02  0.231092554122E+02  0.259876285382E+02  0.330245419464E+02
      57  0.375000000000E+00  0.375000000000E+00  0.750000000000E+00  0.109154230753E+02  0.112286559598E+02  0.130384416533E+02  0.141443063817E+02  0.146112088275E+02  0.214306316876E+02  0.230818929051E+02  0.259811501093E+02  0.334104311532E+02
      58  0.366071428571E+00  0.366071428571E+00  0.732142857143E+00  0.109985655839E+02  0.112929578591E+02  0.129066731840E+02  0.140767162638E+02  0.145696692301E+02  0.218135813782E+02  0.224880167409E+02  0.260745345970E+02  0.337573338358E+02
      59  0.357142857143E+00  0.357142857143E+00  0.714285714286E+00  0.110794688524E+02  0.113566516111E+02  0.127827181004E+02  0.140101026445E+02  0.145256895928E+02  0.219033597463E+02  0.222060269609E+02  0.261868469694E+02  0.341223270330E+02
      60  0.348214285714E+00  0.348214285714E+00  0.696428571429E+00  0.111556598708E+02  0.114196978460E+02  0.126668800150E+02  0.139451176517E+02  0.144793676094E+02  0.213316862484E+02  0.226076193351E+02  0.263167892920E+02  0.345046633597E+02
      61  0.339285714286E+00  0.339285714286E+00  0.678571428571E+00  0.112235315175E+02  0.114830949882E+02  0.125593838080E+02  0.138823629333E+02  0.144308110698E+02  0.207756059502E+02  0.230180854705E+02  0.264642268133E+02  0.349036571825E+02
      62  0.330357142857E+00  0.330357142857E+00  0.660714285714E+00  0.112783333856E+02  0.115489136367E+02  0.124603884302E+02  0.138223859145E+02  0.143801375538E+02  0.202372177469E+02  0.234372041018E+02  0.266295240955E+02  0.353186614209E+02
      63  0.321428571429E+00  0.321428571429E+00  0.642857142857E+00  0.113151799433E+02  0.116193254340E+02  0.123699961222E+02  0.137656780911E+02  0.143274745566E+02  0.197183836931E+02  0.238647945079E+02  0.268132663476E+02  0.357490668050E+02
      64  0.312500000000E+00  0.312500000000E+00  0.625000000000E+00  0.113305678012E+02  0.116951327814E+02  0.122882590056E+02  0.137126739191E+02  0.142729595073E+02  0.192208350340E+02  0.243007077722E+02  0.270161148730E+02  0.361942800601E+02
      65  0.303571428571E+00  0.303571428571E+00  0.607142857143E+00  0.113227113283E+02  0.117755077406E+02  0.122151835942E+02  0.136637511564E+02  0.142167396581E+02  0.187462637862E+02  0.247447938923E+02  0.272387268354E+02  0.366537994920E+02
      66  0.294642857143E+00  0.294642857143E+00  0.589285714286E+00  0.112906968812E+02  0.118589131609E+02  0.121507348814E+02  0.136192301571E+02  0.141589719267E+02  0.182962299814E+02  0.251969979487E+02  0.274817146660E+02  0.371270943972E+02
      67  0.285714285714E+00  0.285714285714E+00  0.571428571429E+00  0.112338219345E+02  0.119438760212E+02  0.120948374652E+02  0.135793749688E+02  0.140998225608E+02  0.178721494522E+02  0.256572046552E+02  0.277455823391E+02  0.376136756681E+02
      68  0.276785714286E+00  0.276785714286E+00  0.553571428571E+00  0.111515016021E+02  0.120292120935E+02  0.120473779504E+02  0.135443939917E+02  0.140394667587E+02  0.174751924091E+02  0.261253323775E+02  0.280307260676E+02  0.381130697517E+02
      69  0.267857142857E+00  0.267857142857E+00  0.535714285714E+00  0.110434369402E+02  0.120082057849E+02  0.121139955568E+02  0.135144409356E+02  0.139780881343E+02  0.171061656617E+02  0.266013047132E+02  0.283374151947E+02  0.386248091843E+02
      70  0.258928571429E+00  0.258928571429E+00  0.517857142857E+00  0.109098222046E+02  0.119771372003E+02  0.121974808313E+02  0.134896159168E+02  0.139158782773E+02  0.167653980763E+02  0.270851562406E+02  0.286657996576E+02  0.391485073793E+02
      71  0.250000000000E+00  0.250000000000E+00  0.500000000000E+00  0.107514974977E+02  0.119539432324E+02  0.122790366661E+02  0.134699666170E+02  0.138530352773E+02  0.164526505610E+02  0.275765974894E+02  0.290158649219E+02  0.396835001325E+02
      72  0.241071428571E+00  0.241071428571E+00  0.482142857143E+00  0.105700159000E+02  0.119383676076E+02  0.123581058100E+02  0.134554895780E+02  0.137897641967E+02  0.161670966633E+02  0.280756420729E+02  0.293875102485E+02  0.402293210999E+02
      73  0.232142857143E+00  0.232142857143E+00  0.464285714286E+00  0.103676050009E+02  0.119301153128E+02  0.124341751547E+02  0.134461314340E+02  0.137262751947E+02  0.159073607146E+02  0.285821402937E+02  0.297805108510E+02  0.407087084921E+02
      74  0.223214285714E+00  0.223214285714E+00  0.446428571429E+00  0.101470674808E+02  0.119288576679E+02  0.125067572432E+02  0.134417904147E+02  0.136627829864E+02  0.156716764877E+02  0.290960681098E+02  0.301945595801E+02  0.410037251342E+02
      75  0.214285714286E+00  0.214285714286E+00  0.428571428571E+00  0.991157130755E+01  0.119342308988E+02  0.125753764297E+02  0.134423177454E+02  0.135995056543E+02  0.154580111308E+02  0.296173071552E+02  0.306292801441E+02  0.413168946178E+02
      76  0.205357142857E+00  0.205357142857E+00  0.410714285714E+00  0.966447022108E+01  0.119458321045E+02  0.126395561090E+02  0.134475192218E+02  0.135366636022E+02  0.152642866509E+02  0.301455377998E+02  0.310841925511E+02  0.416478464010E+02
      77  0.196428571429E+00  0.196428571429E+00  0.392857142857E+00  0.940913399946E+01  0.119632284573E+02  0.126988104601E+02  0.134571571235E+02  0.134744786853E+02  0.150885444369E+02  0.306805727261E+02  0.315588040817E+02  0.419960694471E+02
      78  0.187500000000E+00  0.187500000000E+00  0.375000000000E+00  0.914878254489E+01  0.119859531236E+02  0.127526346733E+02  0.134131728767E+02  0.134709521089E+02  0.149290709606E+02  0.312221261778E+02  0.320525939033E+02  0.423607986994E+02
      79  0.178571428571E+00  0.178571428571E+00  0.357142857143E+00  0.888640998073E+01  0.120135070529E+02  0.128004995563E+02  0.133529672258E+02  0.134885853295E+02  0.147844767610E+02  0.317698182373E+02  0.325650143546E+02  0.427410105953E+02
      80  0.169642857143E+00  0.169642857143E+00  0.339285714286E+00  0.862473067380E+01  0.120453607765E+02  0.128418520519E+02  0.132940807262E+02  0.135097009504E+02  0.146537265015E+02  0.323231605487E+02  0.330955051828E+02  0.431353938119E+02
      81  0.160714285714E+00  0.160714285714E+00  0.321428571429E+00  0.836616369571E+01  0.120809575930E+02  0.128761273869E+02  0.132367292697E+02  0.135339090097E+02  0.145361249467E+02  0.328816063774E+02  0.336435014613E+02  0.435423136021E+02
      82  0.151785714286E+00  0.151785714286E+00  0.303571428571E+00  0.811283908900E+01  0.121197119521E+02  0.129027797874E+02  0.131811244833E+02  0.135607884522E+02  0.144312614248E+02  0.334441711712E+02  0.342084173698E+02  0.439597695201E+02
      83  0.142857142857E+00  0.142857142857E+00  0.285714285714E+00  0.786662035906E+01  0.121610185658E+02  0.129213404398E+02  0.131274727295E+02  0.135898909178E+02  0.143389181114E+02  0.340098588627E+02  0.347896638142E+02  0.442807068736E+02
      84  0.133928571429E+00  0.133928571429E+00  0.267857142857E+00  0.762913029098E+01  0.122042524010E+02  0.129315047322E+02  0.130759741150E+02  0.136207447160E+02  0.142589414668E+02  0.345772495169E+02  0.353866671859E+02  0.440015801912E+02
      85  0.125000000000E+00  0.125000000000E+00  0.250000000000E+00  0.740178042075E+01  0.122487743467E+02  0.129332401696E+02  0.130268214302E+02  0.136528593341E+02  0.141910947440E+02  0.351444842024E+02  0.359987010852E+02  0.437457294706E+02
      86  0.116071428571E+00  0.116071428571E+00  0.232142857143E+00  0.718579511236E+01  0.122939349795E+02  0.129268883473E+02  0.129801993587E+02  0.136857304442E+02  0.141349159531E+02  0.357089477992E+02  0.366250342045E+02  0.435154620725E+02
      87  0.107142857143E+00  0.107142857143E+00  0.214285714286E+00  0.698224104791E+01  0.123390822015E+02  0.129132200097E+02  0.129362834876E+02  0.137188456568E+02  0.140896332805E+02  0.362672106490E+02  0.372648432633E+02  0.433138268466E+02
      88  0.982142857143E-01  0.982142857143E-01  0.196428571429E+00  0.679204503668E+01  0.123835665054E+02  0.128934109709E+02  0.128952396320E+02  0.137516903866E+02  0.140541565097E+02  0.368145410022E+02  0.379171138148E+02  0.431448992291E+02
      89  0.892857142857E-01  0.892857142857E-01  0.178571428571E+00  0.661601219554E+01  0.124267481338E+02  0.128572229804E+02  0.128689369651E+02  0.137837543008E+02  0.140271579115E+02  0.373444072324E+02  0.385805527274E+02  0.430141392028E+02
      90  0.803571428571E-01  0.803571428571E-01  0.160714285714E+00  0.645484259166E+01  0.124680052800E+02  0.128223774064E+02  0.128414213784E+02  0.138145382034E+02  0.140072026783E+02  0.378482615873E+02  0.392534113603E+02  0.429287456615E+02
      91  0.714285714286E-01  0.714285714286E-01  0.142857142857E+00  0.630914402979E+01  0.125067408754E+02  0.127908351338E+02  0.128124846365E+02  0.138435610791E+02  0.139928852913E+02  0.383148212484E+02  0.399335706518E+02  0.428977133957E+02
      92  0.625000000000E-01  0.625000000000E-01  0.125000000000E+00  0.617943715745E+01  0.125423916432E+02  0.127627157105E+02  0.127836290729E+02  0.138703673144E+02  0.139829247844E+02  0.387308890209E+02  0.406176067858E+02  0.429309385590E+02
      93  0.535714285714E-01  0.535714285714E-01  0.107142857143E+00  0.606616843620E+01  0.125744363469E+02  0.127381259629E+02  0.127561726712E+02  0.138945338856E+02  0.139762230033E+02  0.390835409977E+02  0.413005297552E+02  0.430364074555E+02
      94  0.446428571429E-01  0.446428571429E-01  0.892857142857E-01  0.596971279310E+01  0.126024029084E+02  0.127171590301E+02  0.127312228558E+02  0.139156773438E+02  0.139718790508E+02  0.393640885347E+02  0.419744752270E+02  0.432150403292E+02
      95  0.357142857143E-01  0.357142857143E-01  0.714285714286E-01  0.589038251503E+01  0.126258776741E+02  0.126998947389E+02  0.127096768188E+02  0.139334606749E+02  0.139691830048E+02  0.395721147987E+02  0.426264332057E+02  0.434551997563E+02
      96  0.267857142857E-01  0.267857142857E-01  0.535714285714E-01  0.582842634199E+01  0.126445108526E+02  0.126863984162E+02  0.126922351655E+02  0.139475984083E+02  0.139675947704E+02  0.397153795013E+02  0.432339032277E+02  0.437295131968E+02
      97  0.178571428571E-01  0.178571428571E-01  0.357142857143E-01  0.578403693857E+01  0.126580238840E+02  0.126767213925E+02  0.126794199086E+02  0.139578633501E+02  0.139667220943E+02  0.398059411593E+02  0.437571844864E+02  0.439947435897E+02
      98  0.892857142857E-02  0.892857142857E-02  0.178571428571E-01  0.575734920278E+01  0.126662138983E+02  0.126709004056E+02  0.126715904997E+02  0.139640896158E+02  0.139663000435E+02  0.398551808272E+02  0.441302030907E+02  0.441939295002E+02
      99  0.000000000000E+00  0.000000000000E+00  0.000000000000E+00  0.574843881829E+01  0.126689573376E+02  0.126689573376E+02  0.126689573376E+02  0.139661751377E+02  0.139661751377E+02  0.398707169913E+02  0.442691890382E+02  0.442691890382E+02
     100  0.128205128205E-01  0.128205128205E-01  0.128205128205E-01  0.575532971021E+01  0.126670151977E+02  0.126706367654E+02  0.126706367654E+02  0.139654174110E+02  0.139654174110E+02  0.398586831418E+02  0.441395267898E+02  0.442561062095E+02
     101  0.256410256410E-01  0.256410256410E-01  0.256410256410E-01  0.577596923361E+01  0.126612184085E+02  0.126756434298E+02  0.126756434298E+02  0.139631713995E+02  0.139631713995E+02  0.398202111020E+02  0.437974655968E+02  0.442177434551E+02
     102  0.384615384615E-01  0.384615384615E-01  0.384615384615E-01  0.581031370651E+01  0.126516583930E+02  0.126838841605E+02  0.126838841605E+02  0.139595308953E+02  0.139595308953E+02  0.397477131539E+02  0.433347898400E+02  0.441565918599E+02
     103  0.512820512821E-01  0.512820512821E-01  0.512820512821E-01  0.585827541969E+01  0.126384864580E+02  0.126952006757E+02  0.126952006757E+02  0.139546512820E+02  0.139546512820E+02  0.396270847646E+02  0.428308539845E+02  0.440761215302E+02
     104  0.641025641026E-01  0.641025641026E-01  0.641025641026E-01  0.591973674329E+01  0.126219150942E+02  0.127093677165E+02  0.127093677165E+02  0.139487547768E+02  0.139487547768E+02  0.394371795236E+02  0.423452630572E+02  0.439802677213E+02
     105  0.769230769231E-01  0.769230769231E-01  0.769230769231E-01  0.599453739077E+01  0.126022164790E+02  0.127260875755E+02  0.127260875755E+02  0.139421323253E+02  0.139421323253E+02  0.391538209562E+02  0.419231784004E+02  0.438728521475E+02
     106  0.897435897436E-01  0.897435897436E-01  0.897435897436E-01  0.608247627758E+01  0.125797235083E+02  0.127449858958E+02  0.127449858958E+02  0.139351483420E+02  0.139351483420E+02  0.387623237702E+02  0.415906752096E+02  0.437573043906E+02
     107  0.102564102564E+00  0.102564102564E+00  0.102564102564E+00  0.618330610438E+01  0.125548303377E+02  0.127656066702E+02  0.127656066702E+02  0.139282441988E+02  0.139282441988E+02  0.382693106196E+02  0.413472758782E+02  0.436365303415E+02
     108  0.115384615385E+00  0.115384615385E+00  0.115384615385E+00  0.629672771062E+01  0.125279938954E+02  0.127874087192E+02  0.127874087192E+02  0.139219404338E+02  0.139219404338E+02  0.376981055291E+02  0.411728731142E+02  0.435129005892E+02
     109  0.128205128205E+00  0.128205128205E+00  0.128205128205E+00  0.642238338230E+01  0.124997366745E+02  0.128097657129E+02  0.128097657129E+02  0.139168353287E+02  0.139168353287E+02  0.370744576063E+02  0.410433312256E+02  0.433882995456E+02
     110  0.141025641026E+00  0.141025641026E+00  0.141025641026E+00  0.655984564267E+01  0.124706506740E+02  0.128319725927E+02  0.128319725927E+02  0.139135969838E+02  0.139135969838E+02  0.364182412002E+02  0.409393618208E+02  0.432641973732E+02
     111  0.153846153846E+00  0.153846153846E+00  0.153846153846E+00  0.670860851697E+01  0.124414041806E+02  0.128532624760E+02  0.128532624760E+02  0.139129449797E+02  0.139129449797E+02  0.357430045163E+02  0.408477336967E+02  0.431417240405E+02
     112  0.166666666667E+00  0.166666666667E+00  0.166666666667E+00  0.686807104622E+01  0.124127506298E+02  0.128728376514E+02  0.128728376514E+02  0.139156178539E+02  0.139156178539E+02  0.350575359054E+02  0.407598597318E+02  0.430217359959E+02
     113  0.179487179487E+00  0.179487179487E+00  0.179487179487E+00  0.703751942773E+01  0.123855411008E+02  0.128899167683E+02  0.128899167683E+02  0.139223245514E+02  0.139223245514E+02  0.343675985452E+02  0.406703307098E+02  0.429048724742E+02
     114  0.192307692308E+00  0.192307692308E+00  0.192307692308E+00  0.721610420520E+01  0.123607408687E+02  0.129037957431E+02  0.129037957431E+02  0.139336822212E+02  0.139336822212E+02  0.336770798663E+02  0.405759073943E+02  0.427916014930E+02
     115  0.205128205128E+00  0.205128205128E+00  0.205128205128E+00  0.740281243400E+01  0.123394505810E+02  0.129139134777E+02  0.129139134777E+02  0.139501493637E+02  0.139501493637E+02  0.329887024216E+02  0.404748798758E+02  0.426822567473E+02
     116  0.217948717949E+00  0.217948717949E+00  0.217948717949E+00  0.759643264544E+01  0.123229312842E+02  0.129199080999E+02  0.129199080999E+02  0.139719683641E+02  0.139719683641E+02  0.323043506071E+02  0.403666133258E+02  0.425770602113E+02
     117  0.230769230769E+00  0.230769230769E+00  0.230769230769E+00  0.779552226982E+01  0.123126400933E+02  0.129216486172E+02  0.129216486172E+02  0.139991342893E+02  0.139991342893E+02  0.316257700895E+02  0.402513755882E+02  0.424761735377E+02
     118  0.243589743590E+00  0.243589743590E+00  0.243589743590E+00  0.799835661255E+01  0.123102550061E+02  0.129192334193E+02  0.129192334193E+02  0.140313944668E+02  0.140313944668E+02  0.309540775132E+02  0.401299116455E+02  0.423796751687E+02
     119  0.256410256410E+00  0.256410256410E+00  0.256410256410E+00  0.820289418881E+01  0.123177105182E+02  0.129129579030E+02  0.129129579030E+02  0.140682817206E+02  0.140682817206E+02  0.302903227915E+02  0.400033836182E+02  0.422876039961E+02
     120  0.269230769231E+00  0.269230769231E+00  0.269230769231E+00  0.840674608363E+01  0.123372126519E+02  0.129032627072E+02  0.129032627072E+02  0.141091662625E+02  0.141091662625E+02  0.296354548825E+02  0.398731897940E+02  0.421999652880E+02
     121  0.282051282051E+00  0.282051282051E+00  0.282051282051E+00  0.860717487042E+01  0.123712245882E+02  0.128906769722E+02  0.128906769722E+02  0.141533130878E+02  0.141533130878E+02  0.289903823055E+02  0.397408471900E+02  0.421167417517E+02
     122  0.294871794872E+00  0.294871794872E+00  0.294871794872E+00  0.880114612775E+01  0.124223959554E+02  0.128757680935E+02  0.128757680935E+02  0.141999333677E+02  0.141999333677E+02  0.283560232557E+02  0.396079033263E+02  0.420379031462E+02
     123  0.307692307692E+00  0.307692307692E+00  0.307692307692E+00  0.898546029598E+01  0.124934060540E+02  0.128591035642E+02  0.128591035642E+02  0.142482239751E+02  0.142482239751E+02  0.277333170161E+02  0.394758624606E+02  0.419633254622E+02
     124  0.320512820513E+00  0.320512820513E+00  0.320512820513E+00  0.915698172143E+01  0.125867020280E+02  0.128412262968E+02  0.128412262968E+02  0.142973946940E+02  0.142973946940E+02  0.271233491634E+02  0.393461694325E+02  0.418931600615E+02
     125  0.333333333333E+00  0.333333333333E+00  0.333333333333E+00  0.931296789658E+01  0.127041401791E+02  0.128226396304E+02  0.128226396304E+02  0.143466838434E+02  0.143466838434E+02  0.265274433790E+02  0.392201913294E+02  0.418272403390E+02
     126  0.346153846154E+00  0.346153846154E+00  0.346153846154E+00  0.945140183324E+01  0.128038013431E+02  0.128038013431E+02  0.128465877489E+02  0.143953731104E+02  0.143953731104E+02  0.259470155186E+02  0.390991433569E+02  0.417657107293E+02
     127  0.358974358974E+00  0.358974358974E+00  0.358974358974E+00  0.957124750458E+01  0.127851217113E+02  0.127851217113E+02  0.130135898145E+02  0.144427814937E+02  0.144427814937E+02  0.253837897400E+02  0.389841226184E+02  0.417084499650E+02
     128  0.371794871795E+00  0.371794871795E+00  0.371794871795E+00  0.967253661519E+01  0.127669649611E+02  0.127669649611E+02  0.132031913444E+02  0.144882781899E+02  0.144882781899E+02  0.248398315788E+02  0.388761048022E+02  0.416555405590E+02
     129  0.384615384615E+00  0.384615384615E+00  0.384615384615E+00  0.975626715712E+01  0.127496517365E+02  0.127496517365E+02  0.134119366872E+02  0.145312777922E+02  0.145312777922E+02  0.243178183752E+02  0.387759717354E+02  0.416070459247E+02
     130  0.397435897436E+00  0.397435897436E+00  0.397435897436E+00  0.982411508791E+01  0.127334623546E+02  0.127334623546E+02  0.136349853428E+02  0.145712469643E+02  0.145712469643E+02  0.238211619684E+02  0.386844930070E+02  0.415630759013E+02
     131  0.410256410256E+00  0.410256410256E+00  0.410256410256E+00  0.987809416807E+01  0.127186395932E+02  0.127186395932E+02  0.138662342580E+02  0.146076983200E+02  0.146076983200E+02  0.233540580190E+02  0.386023258292E+02  0.415237463808E+02
     132  0.423076923077E+00  0.423076923077E+00  0.423076923077E+00  0.992028585377E+01  0.127053916723E+02  0.127053916723E+02  0.140983704665E+02  0.146401965340E+02  0.146401965340E+02  0.229218633961E+02  0.385300352468E+02  0.414892009230E+02
     133  0.435897435897E+00  0.435897435897E+00  0.435897435897E+00  0.995263362960E+01  0.126938946291E+02  0.126938946291E+02  0.143228381307E+02  0.146683588929E+02  0.146683588929E+02  0.225312962402E+02  0.384680970226E+02  0.414595965719E+02
     134  0.448717948718E+00  0.448717948718E+00  0.448717948718E+00  0.997682589164E+01  0.126842943071E+02  0.126842943071E+02  0.145298085874E+02  0.146918572041E+02  0.146918572041E+02  0.221905843157E+02  0.384169035130E+02  0.414350943417E+02
     135  0.461538461538E+00  0.461538461538E+00  0.461538461538E+00  0.999424299698E+01  0.126767080054E+02  0.126767080054E+02  0.147083456029E+02  0.147104196532E+02  0.147104196532E+02  0.219093537977E+02  0.383767687181E+02  0.414158480699E+02
     136  0.474358974359E+00  0.474358974359E+00  0.474358974359E+00  0.100059438014E+02  0.126712256951E+02  0.126712256951E+02  0.147238326472E+02  0.147238326472E+02  0.148470467464E+02  0.216980021121E+02  0.383479324978E+02  0.414019929613E+02
     137  0.487179487179E+00  0.487179487179E+00  0.487179487179E+00  0.100126709732E+02  0.126679109333E+02  0.126679109333E+02  0.147319402725E+02  0.147319402725E+02  0.149354032584E+02  0.215663300190E+02  0.383305637839E+02  0.413936332852E+02
     138  0.500000000000E+00  0.500000000000E+00  0.500000000000E+00  0.100148651362E+02  0.126668018578E+02  0.126668018578E+02  0.147346537964E+02  0.147346537964E+02  0.149657934471E+02  0.215215482055E+02  0.383247631134E+02  0.413908400042E+02
     139  0.508928571429E+00  0.482142857143E+00  0.508928571429E+00  0.100326137450E+02  0.126536131300E+02  0.126785871881E+02  0.144403493729E+02  0.147326966880E+02  0.152868917953E+02  0.215259096607E+02  0.382084713143E+02  0.410484083375E+02
     140  0.517857142857E+00  0.464285714286E+00  0.517857142857E+00  0.100852280638E+02  0.126142137688E+02  0.127137165024E+02  0.140829669678E+02  0.147268839269E+02  0.157250337410E+02  0.215392641717E+02  0.378104073266E+02  0.403955919360E+02
     141  0.526785714286E+00  0.446428571429E+00  0.526785714286E+00  0.101707785446E+02  0.125490624977E+02  0.127715097606E+02  0.137511811326E+02  0.147174005527E+02  0.161927662115E+02  0.215625348581E+02  0.370580644161E+02  0.398571325971E+02
     142  0.535714285714E+00  0.428571428571E+00  0.535714285714E+00  0.102858696861E+02  0.124588565886E+02  0.128508223030E+02  0.134520031056E+02  0.147045525457E+02  0.166852475057E+02  0.215972021223E+02  0.360160876073E+02  0.392179187873E+02
     143  0.544642857143E+00  0.410714285714E+00  0.544642857143E+00  0.104253188962E+02  0.123447438377E+02  0.129500268104E+02  0.131902255374E+02  0.146887714476E+02  0.172007444651E+02  0.216451698636E+02  0.348244424167E+02  0.384906223768E+02
     144  0.553571428571E+00  0.392857142857E+00  0.553571428571E+00  0.105816093438E+02  0.122092506465E+02  0.129704559121E+02  0.130669862261E+02  0.146706180804E+02  0.177379946021E+02  0.217085935178E+02  0.335760254643E+02  0.377772073103E+02
     145  0.562500000000E+00  0.375000000000E+00  0.562500000000E+00  0.107440163995E+02  0.120577711056E+02  0.127967358266E+02  0.131990134646E+02  0.146508014835E+02  0.182957544821E+02  0.217894962779E+02  0.323190623381E+02  0.370879707473E+02
     146  0.571428571429E+00  0.357142857143E+00  0.571428571429E+00  0.108974917966E+02  0.118989826408E+02  0.126732114764E+02  0.133428089182E+02  0.146302225263E+02  0.188724301758E+02  0.218890618016E+02  0.310817230751E+02  0.364297794422E+02
     147  0.580357142857E+00  0.339285714286E+00  0.580357142857E+00  0.110223300750E+02  0.117431484895E+02  0.126061435979E+02  0.134943573145E+02  0.146100565977E+02  0.194655805703E+02  0.220063477235E+02  0.298857108049E+02  0.358080287920E+02
     148  0.589285714286E+00  0.321428571429E+00  0.589285714286E+00  0.110976992741E+02  0.116001393392E+02  0.126024225079E+02  0.136487453363E+02  0.145919372345E+02  0.200704690144E+02  0.221361077387E+02  0.287551335426E+02  0.352274863165E+02
     149  0.598214285714E+00  0.303571428571E+00  0.598214285714E+00  0.111116345855E+02  0.114779781962E+02  0.126612088781E+02  0.137998252070E+02  0.145783090936E+02  0.206750136132E+02  0.222666713521E+02  0.277258199283E+02  0.346927871577E+02
     150  0.607142857143E+00  0.285714285714E+00  0.607142857143E+00  0.110710803528E+02  0.113791164966E+02  0.127679203831E+02  0.139396531552E+02  0.145730373465E+02  0.212366444602E+02  0.223905751512E+02  0.268582686717E+02  0.342085668873E+02
     151  0.616071428571E+00  0.267857142857E+00  0.616071428571E+00  0.109985104775E+02  0.112980542661E+02  0.129003905659E+02  0.140580338112E+02  0.145819546478E+02  0.215790390629E+02  0.225991968129E+02  0.262467183821E+02  0.337795536906E+02
     152  0.625000000000E+00  0.250000000000E+00  0.625000000000E+00  0.109154230753E+02  0.112286559598E+02  0.130384416533E+02  0.141443063817E+02  0.146112088275E+02  0.214306316876E+02  0.230818929051E+02  0.259811501093E+02  0.334104311532E+02
     153  0.609375000000E+00  0.250000000000E+00  0.640625000000E+00  0.109266457167E+02  0.112373792105E+02  0.130081105699E+02  0.141353425327E+02  0.146265781738E+02  0.214662950000E+02  0.231092554122E+02  0.259876285382E+02  0.330245419464E+02
     154  0.593750000000E+00  0.250000000000E+00  0.656250000000E+00  0.109577808762E+02  0.112651090557E+02  0.129227365242E+02  0.141095910101E+02  0.146676427635E+02  0.215727551417E+02  0.231897205951E+02  0.260068106163E+02  0.321273174285E+02
     155  0.578125000000E+00  0.250000000000E+00  0.671875000000E+00  0.110013818210E+02  0.113163621940E+02  0.127955456476E+02  0.140703483312E+02  0.147228476643E+02  0.217484072822E+02  0.233180776795E+02  0.260374872155E+02  0.310428340695E+02
     156  0.562500000000E+00  0.250000000000E+00  0.687500000000E+00  0.110470781633E+02  0.113966133149E+02  0.126410516036E+02  0.140227523442E+02  0.147803490293E+02  0.219907059251E+02  0.234840522778E+02  0.260759009607E+02  0.299239887236E+02
     157  0.546875000000E+00  0.250000000000E+00  0.703125000000E+00  0.110865359422E+02  0.115073799190E+02  0.124715712093E+02  0.139733214881E+02  0.148313041407E+02  0.222963446529E+02  0.236677353386E+02  0.261108407644E+02  0.288553207975E+02
     158  0.531250000000E+00  0.250000000000E+00  0.718750000000E+00  0.111161674236E+02  0.116436870261E+02  0.122966122579E+02  0.139293845082E+02  0.148702411767E+02  0.226615149241E+02  0.238252328311E+02  0.261096914009E+02  0.279369100361E+02
     159  0.515625000000E+00  0.250000000000E+00  0.734375000000E+00  0.111347915596E+02  0.117967662443E+02  0.121233446742E+02  0.138983707387E+02  0.148942958516E+02  0.230821826896E+02  0.238497356836E+02  0.260135825263E+02  0.273466802128E+02
     160  0.500000000000E+00  0.250000000000E+00  0.750000000000E+00  0.111413056687E+02  0.119571914088E+02  0.119571914088E+02  0.138868682706E+02  0.149023619977E+02  0.235543677062E+02  0.235543677062E+02  0.259187161560E+02  0.271836678619E+02
     161  0.500000000000E+00  0.265625000000E+00  0.734375000000E+00  0.111537552871E+02  0.119368756462E+02  0.119675649661E+02  0.138866165912E+02  0.148866148158E+02  0.233146205813E+02  0.234689029961E+02  0.261847515920E+02  0.273459778775E+02
     162  0.500000000000E+00  0.281250000000E+00  0.718750000000E+00  0.111909945360E+02  0.118772819068E+02  0.119984888137E+02  0.138829772335E+02  0.148428013955E+02  0.227776201691E+02  0.232532058974E+02  0.268007265948E+02  0.277904463689E+02
     163  0.500000000000E+00  0.296875000000E+00  0.703125000000E+00  0.112526487842E+02  0.117820749990E+02  0.120494044840E+02  0.138677126524E+02  0.147810604842E+02  0.221417148452E+02  0.229814920654E+02  0.275681094678E+02  0.284377058845E+02
     164  0.500000000000E+00  0.312500000000E+00  0.687500000000E+00  0.113379934121E+02  0.116563468526E+02  0.121194942609E+02  0.138290764393E+02  0.147168772317E+02  0.214812818263E+02  0.227071078677E+02  0.284121319676E+02  0.292261068080E+02
     165  0.500000000000E+00  0.328125000000E+00  0.671875000000E+00  0.114457909516E+02  0.115058385223E+02  0.122078831527E+02  0.137567999273E+02  0.146662084364E+02  0.208223434422E+02  0.224570519675E+02  0.293064578018E+02  0.301179099945E+02
     166  0.500000000000E+00  0.343750000000E+00  0.656250000000E+00  0.113365562517E+02  0.115739723689E+02  0.123139606407E+02  0.136492388365E+02  0.146377970764E+02  0.201753540687E+02  0.222418323996E+02  0.302394347260E+02  0.310900350180E+02
     167  0.500000000000E+00  0.359375000000E+00  0.640625000000E+00  0.111547359424E+02  0.117192006521E+02  0.124379029106E+02  0.135152725545E+02  0.146303338942E+02  0.195451649673E+02  0.220633086000E+02  0.312047214447E+02  0.321271482451E+02
     168  0.500000000000E+00  0.375000000000E+00  0.625000000000E+00  0.109669102565E+02  0.118762349006E+02  0.125813600085E+02  0.133685397041E+02  0.146372581946E+02  0.189342709358E+02  0.219190826449E+02  0.321970639417E+02  0.332176326854E+02
     169  0.500000000000E+00  0.390625000000E+00  0.609375000000E+00  0.107799040836E+02  0.120374264299E+02  0.127480596027E+02  0.132215339883E+02  0.146520007100E+02  0.183441311211E+02  0.218050258619E+02  0.332106143888E+02  0.343514905721E+02
     170  0.500000000000E+00  0.406250000000E+00  0.593750000000E+00  0.106006542804E+02  0.121931063262E+02  0.129435136051E+02  0.130835036313E+02  0.146698134603E+02  0.177756829406E+02  0.217165137192E+02  0.342360359072E+02  0.355185155298E+02
     171  0.500000000000E+00  0.421875000000E+00  0.578125000000E+00  0.104359141673E+02  0.123336971008E+02  0.129606315582E+02  0.131730402678E+02  0.146876691366E+02  0.172296491574E+02  0.216491676482E+02  0.352569706142E+02  0.367063835699E+02
     172  0.500000000000E+00  0.437500000000E+00  0.562500000000E+00  0.102919153932E+02  0.124523904946E+02  0.128568189414E+02  0.134392057796E+02  0.147037394482E+02  0.167067594855E+02  0.215992020915E+02  0.362419436409E+02  0.378977191027E+02
     173  0.500000000000E+00  0.453125000000E+00  0.546875000000E+00  0.101740550189E+02  0.125458633019E+02  0.127744297366E+02  0.137411697375E+02  0.147169533554E+02  0.162078816646E+02  0.215634894894E+02  0.371286845488E+02  0.390636749591E+02
     174  0.500000000000E+00  0.468750000000E+00  0.531250000000E+00  0.100866870680E+02  0.126129631551E+02  0.127148470171E+02  0.140757817464E+02  0.147267017851E+02  0.157344845266E+02  0.215396528114E+02  0.378131976340E+02  0.401478341961E+02
     175  0.500000000000E+00  0.484375000000E+00  0.515625000000E+00  0.100329822920E+02  0.126533284208E+02  0.126788424461E+02  0.144365732277E+02  0.147326537419E+02  0.152912268208E+02  0.215260003701E+02  0.382062391541E+02  0.410199871422E+02
     176  0.500000000000E+00  0.500000000000E+00  0.500000000000E+00  0.100148651362E+02  0.126668018578E+02  0.126668018578E+02  0.147346537964E+02  0.147346537964E+02  0.149657934471E+02  0.215215482055E+02  0.383247631134E+02  0.413908400042E+02
     177  0.491071428571E+00  0.491071428571E+00  0.517857142857E+00  0.100326137450E+02  0.126536131300E+02  0.126785871881E+02  0.144403493729E+02  0.147326966880E+02  0.152868917953E+02  0.215259096607E+02  0.382084713143E+02  0.410484083375E+02
     178  0.482142857143E+00  0.482142857143E+00  0.535714285714E+00  0.100852280638E+02  0.126142137688E+02  0.127137165024E+02  0.140829669678E+02  0.147268839269E+02  0.157250337410E+02  0.215392641717E+02  0.378104073266E+02  0.403955919360E+02
     179  0.473214285714E+00  0.473214285714E+00  0.553571428571E+00  0.101707785446E+02  0.125490624977E+02  0.127715097606E+02  0.137511811326E+02  0.147174005527E+02  0.161927662115E+02  0.215625348581E+02  0.370580644161E+02  0.398571325971E+02
     180  0.464285714286E+00  0.464285714286E+00  0.571428571429E+00  0.102858696861E+02  0.124588565886E+02  0.128508223030E+02  0.134520031056E+02  0.147045525457E+02  0.166852475057E+02  0.215972021223E+02  0.360160876073E+02  0.392179187873E+02
     181  0.455357142857E+00  0.455357142857E+00  0.589285714286E+00  0.104253188962E+02  0.123447438377E+02  0.129500268104E+02  0.131902255374E+02  0.146887714476E+02  0.172007444651E+02  0.216451698636E+02  0.348244424167E+02  0.384906223768E+02
     182  0.446428571429E+00  0.446428571429E+00  0.607142857143E+00  0.105816093438E+02  0.122092506465E+02  0.129704559121E+02  0.130669862261E+02  0.146706180804E+02  0.177379946021E+02  0.217085935178E+02  0.335760254643E+02  0.377772073103E+02
     183  0.437500000000E+00  0.437500000000E+00  0.625000000000E+00  0.107440163995E+02  0.120577711056E+02  0.127967358266E+02  0.131990134646E+02  0.146508014835E+02  0.182957544821E+02  0.217894962779E+02  0.323190623381E+02  0.370879707473E+02
     184  0.428571428571E+00  0.428571428571E+00  0.642857142857E+00  0.108974917966E+02  0.118989826407E+02  0.126732114764E+02  0.133428089182E+02  0.146302225263E+02  0.188724301758E+02  0.218890618016E+02  0.310817230751E+02  0.364297794422E+02
     185  0.419642857143E+00  0.419642857143E+00  0.660714285714E+00  0.110223300750E+02  0.117431484895E+02  0.126061435979E+02  0.134943573145E+02  0.146100565977E+02  0.194655805703E+02  0.220063477235E+02  0.298857108049E+02  0.358080287920E+02
     186  0.410714285714E+00  0.410714285714E+00  0.678571428571E+00  0.110976992741E+02  0.116001393392E+02  0.126024225079E+02  0.136487453363E+02  0.145919372345E+02  0.200704690144E+02  0.221361077387E+02  0.287551335426E+02  0.352274863165E+02
     187  0.401785714286E+00  0.401785714286E+00  0.696428571429E+00  0.111116345855E+02  0.114779781962E+02  0.126612088781E+02  0.137998252070E+02  0.145783090936E+02  0.206750136132E+02  0.222666713521E+02  0.277258199283E+02  0.346927871577E+02
     188  0.392857142857E+00  0.392857142857E+00  0.714285714286E+00  0.110710803528E+02  0.113791164966E+02  0.127679203831E+02  0.139396531552E+02  0.145730373465E+02  0.212366444602E+02  0.223905751512E+02  0.268582686717E+02  0.342085668873E+02
     189  0.383928571429E+00  0.383928571429E+00  0.732142857143E+00  0.109985104775E+02  0.112980542661E+02  0.129003905659E+02  0.140580338112E+02  0.145819546478E+02  0.215790390629E+02  0.225991968129E+02  0.262467183821E+02  0.337795536906E+02
     190  0.375000000000E+00  0.375000000000E+00  0.750000000000E+00  0.109154230753E+02  0.112286559598E+02  0.130384416533E+02  0.141443063817E+02  0.146112088275E+02  0.214306316876E+02  0.230818929051E+02  0.259811501093E+02  0.334104311532E+02
     191  0.625000000000E+00  0.250000000000E+00  0.625000000000E+00  0.109154230753E+02  0.112286559598E+02  0.130384416533E+02  0.141443063817E+02  0.146112088275E+02  0.214306316876E+02  0.230818929051E+02  0.259811501093E+02  0.334104311532E+02
     192  0.609375000000E+00  0.218750000000E+00  0.609375000000E+00  0.107694570407E+02  0.111168392267E+02  0.132865641405E+02  0.142628029952E+02  0.146777635021E+02  0.207846123322E+02  0.241190652608E+02  0.258796630424E+02  0.328490610454E+02
     193  0.593750000000E+00  0.187500000000E+00  0.593750000000E+00  0.106284228590E+02  0.110103761364E+02  0.135541727038E+02  0.143780785203E+02  0.147361689223E+02  0.201722469136E+02  0.250027673574E+02  0.259951328765E+02  0.323496854479E+02
     194  0.578125000000E+00  0.156250000000E+00  0.578125000000E+00  0.104978117967E+02  0.109140840184E+02  0.138362181360E+02  0.144858303068E+02  0.147860869045E+02  0.195985845409E+02  0.253088865956E+02  0.267339308381E+02  0.319167185933E+02
     195  0.562500000000E+00  0.125000000000E+00  0.562500000000E+00  0.103827253253E+02  0.108316256196E+02  0.141244159785E+02  0.145816927694E+02  0.148272528215E+02  0.190718820448E+02  0.253208605013E+02  0.277883271000E+02  0.315546557572E+02
     196  0.546875000000E+00  0.937500000000E-01  0.546875000000E+00  0.102878269399E+02  0.107655005210E+02  0.144047832302E+02  0.146614816194E+02  0.148594647295E+02  0.186060920023E+02  0.252943260925E+02  0.288636617912E+02  0.312677725034E+02
     197  0.531250000000E+00  0.625000000000E-01  0.531250000000E+00  0.102170520837E+02  0.107173077996E+02  0.146536164216E+02  0.147214760616E+02  0.148825730658E+02  0.182248525413E+02  0.252689211611E+02  0.298485506364E+02  0.310598188628E+02
     198  0.515625000000E+00  0.312500000000E-01  0.515625000000E+00  0.101733672817E+02  0.106880404515E+02  0.147587406408E+02  0.148337396360E+02  0.148964772095E+02  0.179653108780E+02  0.252524841643E+02  0.305973154424E+02  0.309337754949E+02
     199  0.500000000000E+00  0.000000000000E+00  0.500000000000E+00  0.101586001435E+02  0.106782291144E+02  0.147713801588E+02  0.149011183160E+02  0.149011183160E+02  0.178714628748E+02  0.252468851337E+02  0.308915415980E+02  0.308915415980E+02
     200  0.000000000000E+00  0.000000000000E+00  0.000000000000E+00  0.578050876070E+01  0.133401460448E+02  0.133401460448E+02  0.133401460448E+02  0.145855358820E+02  0.145855358820E+02  0.398407874284E+02  0.442951092047E+02  0.442951092047E+02
     201  0.156250000000E-01  0.000000000000E+00  0.156250000000E-01  0.579413880419E+01  0.133345267156E+02  0.133442938198E+02  0.133442938198E+02  0.145803898964E+02  0.145874726872E+02  0.398195640772E+02  0.441851221012E+02  0.441851221012E+02
     202  0.312500000000E-01  0.000000000000E+00  0.312500000000E-01  0.583496291094E+01  0.133177394782E+02  0.133567240067E+02  0.133567240067E+02  0.145650253326E+02  0.145932624184E+02  0.397574937917E+02  0.438835421493E+02  0.438835421493E+02
     203  0.468750000000E-01  0.000000000000E+00  0.468750000000E-01  0.590281889715E+01  0.132900002187E+02  0.133774027929E+02  0.133774027929E+02  0.145396757749E+02  0.146028562970E+02  0.396590187942E+02  0.434482135085E+02  0.434482135085E+02
     204  0.625000000000E-01  0.000000000000E+00  0.625000000000E-01  0.599742561227E+01  0.132516626568E+02  0.134062721582E+02  0.134062721582E+02  0.145047362871E+02  0.146161708814E+02  0.395304609990E+02  0.429295474489E+02  0.429295474489E+02
     205  0.781250000000E-01  0.000000000000E+00  0.781250000000E-01  0.611837609521E+01  0.132032112324E+02  0.134432479305E+02  0.134432479305E+02  0.144607750694E+02  0.146330907472E+02  0.393789055036E+02  0.423610296222E+02  0.423610296222E+02
     206  0.937500000000E-01  0.000000000000E+00  0.937500000000E-01  0.626512233457E+01  0.131452508320E+02  0.134882165903E+02  0.134882165903E+02  0.144085504623E+02  0.146534678877E+02  0.392112769956E+02  0.417633409129E+02  0.417633409129E+02
     207  0.109375000000E+00  0.000000000000E+00  0.109375000000E+00  0.643695575579E+01  0.130784944417E+02  0.135410324326E+02  0.135410324326E+02  0.143490330203E+02  0.146771234425E+02  0.390337618661E+02  0.411495343031E+02  0.411495343031E+02
     208  0.125000000000E+00  0.000000000000E+00  0.125000000000E+00  0.663297752031E+01  0.130037491010E+02  0.136015129513E+02  0.136015129513E+02  0.142834348883E+02  0.147038486120E+02  0.388515518059E+02  0.405282500641E+02  0.405282500641E+02
     209  0.140625000000E+00  0.000000000000E+00  0.140625000000E+00  0.685205799616E+01  0.129219007477E+02  0.136694337694E+02  0.136694337694E+02  0.142132485037E+02  0.147334059963E+02  0.386688090261E+02  0.399055387484E+02  0.399055387484E+02
     210  0.156250000000E+00  0.000000000000E+00  0.156250000000E+00  0.709278090437E+01  0.128338984395E+02  0.137445228436E+02  0.137445228436E+02  0.141402979159E+02  0.147655311011E+02  0.384887526373E+02  0.392858758693E+02  0.392858758693E+02
     211  0.171875000000E+00  0.000000000000E+00  0.171875000000E+00  0.735336670457E+01  0.127407385525E+02  0.138264540417E+02  0.138264540417E+02  0.140668075676E+02  0.147999342262E+02  0.383137950522E+02  0.386727433076E+02  0.386727433076E+02
     212  0.187500000000E+00  0.000000000000E+00  0.187500000000E+00  0.763156944557E+01  0.126434501161E+02  0.139148400633E+02  0.139148400633E+02  0.139954947785E+02  0.148363024339E+02  0.380690283812E+02  0.380690283812E+02  0.381457758313E+02
     213  0.203125000000E+00  0.000000000000E+00  0.203125000000E+00  0.792453226967E+01  0.125430768806E+02  0.139296931093E+02  0.140092248577E+02  0.140092248577E+02  0.148743019412E+02  0.374770348660E+02  0.374770348660E+02  0.379857455654E+02
     214  0.218750000000E+00  0.000000000000E+00  0.218750000000E+00  0.822861172857E+01  0.124406675530E+02  0.138735126894E+02  0.141090756666E+02  0.141090756666E+02  0.149135804910E+02  0.368988650684E+02  0.368988650684E+02  0.378345619516E+02
     215  0.234375000000E+00  0.000000000000E+00  0.234375000000E+00  0.853915565066E+01  0.123372622783E+02  0.138320340286E+02  0.142137747182E+02  0.142137747182E+02  0.149537707261E+02  0.363366203313E+02  0.363366203313E+02  0.372866747368E+02
     216  0.250000000000E+00  0.000000000000E+00  0.250000000000E+00  0.885026487494E+01  0.122338796066E+02  0.138115080457E+02  0.143226112398E+02  0.143226112398E+02  0.149944925988E+02  0.357920404471E+02  0.357920404471E+02  0.365367396383E+02
     217  0.265625000000E+00  0.000000000000E+00  0.265625000000E+00  0.915463012093E+01  0.121315085451E+02  0.138194804353E+02  0.144347736617E+02  0.144347736617E+02  0.150353570977E+02  0.352668878227E+02  0.352668878227E+02  0.357412539229E+02
     218  0.281250000000E+00  0.000000000000E+00  0.281250000000E+00  0.944361239255E+01  0.120310999736E+02  0.138646656541E+02  0.145493429172E+02  0.145493429172E+02  0.150759697725E+02  0.347629156332E+02  0.347629156332E+02  0.349101257660E+02
     219  0.296875000000E+00  0.000000000000E+00  0.296875000000E+00  0.970778981483E+01  0.119335592681E+02  0.139562980219E+02  0.146652861055E+02  0.146652861055E+02  0.151159343883E+02  0.340542329767E+02  0.342818020887E+02  0.342818020887E+02
     220  0.312500000000E+00  0.000000000000E+00  0.312500000000E+00  0.993833218169E+01  0.118397416830E+02  0.141027322697E+02  0.147814555104E+02  0.147814555104E+02  0.151548571991E+02  0.331850961320E+02  0.338254072726E+02  0.338254072726E+02
     221  0.328125000000E+00  0.000000000000E+00  0.328125000000E+00  0.101288326742E+02  0.117504468490E+02  0.143094400345E+02  0.148965875823E+02  0.148965875823E+02  0.151923506339E+02  0.323125976144E+02  0.333954982177E+02  0.333954982177E+02
     222  0.343750000000E+00  0.000000000000E+00  0.343750000000E+00  0.102769849583E+02  0.116664137910E+02  0.145771985460E+02  0.150093080478E+02  0.150093080478E+02  0.152280359415E+02  0.314457383344E+02  0.329939051383E+02  0.329939051383E+02
     223  0.359375000000E+00  0.000000000000E+00  0.359375000000E+00  0.103849848241E+02  0.115883270697E+02  0.149014614337E+02  0.151181463392E+02  0.151181463392E+02  0.152615541858E+02  0.305928454813E+02  0.326225639403E+02  0.326225639403E+02
     224  0.375000000000E+00  0.000000000000E+00  0.375000000000E+00  0.104584443502E+02  0.115168023187E+02  0.152215519557E+02  0.152215519557E+02  0.152731275772E+02  0.152925606588E+02  0.297621219016E+02  0.322833742897E+02  0.322833742897E+02
     225  0.390625000000E+00  0.000000000000E+00  0.390625000000E+00  0.105045660570E+02  0.114523912082E+02  0.153179200936E+02  0.153179200936E+02  0.153207352100E+02  0.156798757632E+02  0.289622843407E+02  0.319782390860E+02  0.319782390860E+02
     226  0.406250000000E+00  0.000000000000E+00  0.406250000000E+00  0.105306008758E+02  0.113955824834E+02  0.153457847118E+02  0.154056362075E+02  0.154056362075E+02  0.161070668511E+02  0.282036209355E+02  0.317090578636E+02  0.317090578636E+02
     227  0.421875000000E+00  0.000000000000E+00  0.421875000000E+00  0.105429250259E+02  0.113467990995E+02  0.153674467638E+02  0.154831186402E+02  0.154831186402E+02  0.165376963881E+02  0.274989907011E+02  0.314776450196E+02  0.314776450196E+02
     228  0.437500000000E+00  0.000000000000E+00  0.437500000000E+00  0.105467221743E+02  0.113063937884E+02  0.153854925059E+02  0.155488732574E+02  0.155488732574E+02  0.169515202075E+02  0.268652555326E+02  0.312856814246E+02  0.312856814246E+02
     229  0.453125000000E+00  0.000000000000E+00  0.453125000000E+00  0.105459386053E+02  0.112746689421E+02  0.153997318279E+02  0.156015644434E+02  0.156015644434E+02  0.173238394592E+02  0.263243248943E+02  0.311346746890E+02  0.311346746890E+02
     230  0.468750000000E+00  0.000000000000E+00  0.468750000000E+00  0.105434628593E+02  0.112518463488E+02  0.154100127737E+02  0.156400645723E+02  0.156400645723E+02  0.176251731402E+02  0.259038210711E+02  0.310258638246E+02  0.310258638246E+02
     231  0.484375000000E+00  0.000000000000E+00  0.484375000000E+00  0.105412350679E+02  0.112380880328E+02  0.154162256541E+02  0.156635205828E+02  0.156635205828E+02  0.178238497465E+02  0.256341305377E+02  0.309601873637E+02  0.309601873637E+02
     232  0.500000000000E+00  0.000000000000E+00  0.500000000000E+00  0.105403711657E+02  0.112334911372E+02  0.154183040344E+02  0.156713996636E+02  0.156713996636E+02  0.178935772760E+02  0.255408111871E+02  0.309382291404E+02  0.309382291404E+02
     233  0.500000000000E+00  0.156250000000E-01  0.515625000000E+00  0.105480317173E+02  0.112383492556E+02  0.154115687012E+02  0.156228374638E+02  0.156714125799E+02  0.179529370404E+02  0.255432668729E+02  0.308593169400E+02  0.308917171402E+02
     234  0.500000000000E+00  0.312500000000E-01  0.531250000000E+00  0.105708741449E+02  0.112529312535E+02  0.153914504338E+02  0.154904544522E+02  0.156714508322E+02  0.181177026268E+02  0.255506851381E+02  0.306364170797E+02  0.307573384743E+02
     235  0.500000000000E+00  0.468750000000E-01  0.546875000000E+00  0.106084777017E+02  0.112772601419E+02  0.153017596842E+02  0.153582217984E+02  0.156715129499E+02  0.183603345539E+02  0.255632300634E+02  0.303017371088E+02  0.305487571443E+02
     236  0.500000000000E+00  0.625000000000E-01  0.562500000000E+00  0.106601238387E+02  0.113113783358E+02  0.150811202530E+02  0.153123603545E+02  0.156715973996E+02  0.186564214761E+02  0.255811335925E+02  0.298895205713E+02  0.302840236976E+02
     237  0.500000000000E+00  0.781250000000E-01  0.578125000000E+00  0.107247761084E+02  0.113553250356E+02  0.148447350848E+02  0.152545960362E+02  0.156716991802E+02  0.189896819484E+02  0.256047090311E+02  0.294269538304E+02  0.299815976735E+02
     238  0.500000000000E+00  0.937500000000E-01  0.593750000000E+00  0.108010477381E+02  0.114091660318E+02  0.146024292020E+02  0.151859641449E+02  0.156718179471E+02  0.193502162034E+02  0.256343342488E+02  0.289331145143E+02  0.296579371868E+02
     239  0.500000000000E+00  0.109375000000E+00  0.609375000000E+00  0.108871603110E+02  0.114729758513E+02  0.143601130508E+02  0.151078716260E+02  0.156719437828E+02  0.197319783700E+02  0.256704397502E+02  0.284207171511E+02  0.293265970474E+02
     240  0.500000000000E+00  0.125000000000E+00  0.625000000000E+00  0.109808815662E+02  0.115468310777E+02  0.141214288055E+02  0.150221922817E+02  0.156720747054E+02  0.201312074744E+02  0.257134041035E+02  0.278981445667E+02  0.289983254945E+02
     241  0.500000000000E+00  0.140625000000E+00  0.640625000000E+00  0.110794565513E+02  0.116308092194E+02  0.138886935562E+02  0.149313417905E+02  0.156722054176E+02  0.205454292765E+02  0.257634199158E+02  0.273709387781E+02  0.286815201053E+02
     242  0.500000000000E+00  0.156250000000E+00  0.656250000000E+00  0.111795495185E+02  0.117249985595E+02  0.136634285103E+02  0.148383737107E+02  0.156723307012E+02  0.209729436164E+02  0.258204549592E+02  0.268429194239E+02  0.283828920186E+02
     243  0.500000000000E+00  0.171875000000E+00  0.671875000000E+00  0.112771831435E+02  0.118294859407E+02  0.134466581356E+02  0.147470386898E+02  0.156724467449E+02  0.214125277651E+02  0.258838566145E+02  0.263167623576E+02  0.281081434702E+02
     244  0.500000000000E+00  0.187500000000E+00  0.687500000000E+00  0.113677464252E+02  0.119443400645E+02  0.132390846870E+02  0.146617797185E+02  0.156725484856E+02  0.218632499647E+02  0.257942865382E+02  0.259518523859E+02  0.278628234977E+02
     245  0.500000000000E+00  0.203125000000E+00  0.703125000000E+00  0.114461371678E+02  0.120696250725E+02  0.130411934882E+02  0.145875885128E+02  0.156726320055E+02  0.223243671554E+02  0.252768559192E+02  0.260207478652E+02  0.276534279041E+02
     246  0.500000000000E+00  0.218750000000E+00  0.718750000000E+00  0.115071228367E+02  0.122053896212E+02  0.128533185776E+02  0.145296343570E+02  0.156726941057E+02  0.227952527878E+02  0.247655039025E+02  0.260837376258E+02  0.274888012720E+02
     247  0.500000000000E+00  0.234375000000E+00  0.734375000000E+00  0.115459772346E+02  0.123516613044E+02  0.126756854101E+02  0.144926076704E+02  0.156727345584E+02  0.232753515614E+02  0.242610470854E+02  0.261300354425E+02  0.273810144793E+02
     248  0.500000000000E+00  0.250000000000E+00  0.750000000000E+00  0.115593378072E+02  0.125084389004E+02  0.125084389004E+02  0.144798576625E+02  0.156727474462E+02  0.237641358055E+02  0.237641358055E+02  0.261474214520E+02  0.273430506336E+02
     249  0.484375000000E+00  0.265625000000E+00  0.750000000000E+00  0.115524762725E+02  0.123463395986E+02  0.126757585521E+02  0.144922092050E+02  0.156641812510E+02  0.232956249280E+02  0.240605623906E+02  0.262399411759E+02  0.275035214713E+02
     250  0.468750000000E+00  0.281250000000E+00  0.750000000000E+00  0.115335237853E+02  0.121899051753E+02  0.128506615903E+02  0.145255292337E+02  0.156386727336E+02  0.228785794297E+02  0.240404776813E+02  0.263328695353E+02  0.280880638958E+02
     251  0.453125000000E+00  0.296875000000E+00  0.750000000000E+00  0.115049461939E+02  0.120480636244E+02  0.130275421718E+02  0.145727457113E+02  0.155975017828E+02  0.225169690676E+02  0.238855160562E+02  0.263344052099E+02  0.289980113652E+02
     252  0.437500000000E+00  0.312500000000E+00  0.750000000000E+00  0.114694530322E+02  0.119287915753E+02  0.131989590447E+02  0.146258809289E+02  0.155438759802E+02  0.222147400340E+02  0.237025650436E+02  0.263021690752E+02  0.300562167006E+02
     253  0.421875000000E+00  0.328125000000E+00  0.750000000000E+00  0.114309230924E+02  0.118373328687E+02  0.133550685654E+02  0.146770656231E+02  0.154837696548E+02  0.219755224630E+02  0.235363267959E+02  0.262668815310E+02  0.311632693409E+02
     254  0.406250000000E+00  0.343750000000E+00  0.750000000000E+00  0.113953912818E+02  0.117748692253E+02  0.134832689380E+02  0.147192893061E+02  0.154265548837E+02  0.218023694123E+02  0.234073331176E+02  0.262388219366E+02  0.322344007948E+02
     255  0.390625000000E+00  0.359375000000E+00  0.750000000000E+00  0.113701427889E+02  0.117392717348E+02  0.135690233300E+02  0.147470102294E+02  0.153843671097E+02  0.216975536095E+02  0.233262988002E+02  0.262213305859E+02  0.331170592649E+02
     256  0.375000000000E+00  0.375000000000E+00  0.750000000000E+00  0.113610035276E+02  0.117277896481E+02  0.135994077200E+02  0.147566621714E+02  0.153686701241E+02  0.216624650132E+02  0.232987146768E+02  0.262154342589E+02  0.334946183187E+02
     257  0.366071428571E+00  0.366071428571E+00  0.732142857143E+00  0.114587508073E+02  0.117749688085E+02  0.134646885625E+02  0.146858516378E+02  0.153252775122E+02  0.220484803467E+02  0.227174704049E+02  0.263046613684E+02  0.338452026367E+02
     258  0.357142857143E+00  0.357142857143E+00  0.714285714286E+00  0.115568273299E+02  0.118176518627E+02  0.133386232987E+02  0.146161595445E+02  0.152793328941E+02  0.221475611769E+02  0.224431722005E+02  0.264117882933E+02  0.342137764325E+02
     259  0.348214285714E+00  0.348214285714E+00  0.696428571429E+00  0.116525552583E+02  0.118557585860E+02  0.132214068278E+02  0.145482650678E+02  0.152309380747E+02  0.215925517830E+02  0.228463006168E+02  0.265359538929E+02  0.345995630078E+02
     260  0.339285714286E+00  0.339285714286E+00  0.678571428571E+00  0.117388070550E+02  0.118935633193E+02  0.131131755655E+02  0.144827920889E+02  0.151802056309E+02  0.210550400522E+02  0.232576817189E+02  0.266772660476E+02  0.350018543713E+02
     261  0.330357142857E+00  0.330357142857E+00  0.660714285714E+00  0.117972970156E+02  0.119464446723E+02  0.130140160618E+02  0.144203060005E+02  0.151272584823E+02  0.205371749882E+02  0.236771668334E+02  0.268362474118E+02  0.354199848415E+02
     262  0.321428571429E+00  0.321428571429E+00  0.642857142857E+00  0.118135763096E+02  0.120259512416E+02  0.129239708775E+02  0.143613124318E+02  0.150722300226E+02  0.200408662767E+02  0.241046345039E+02  0.270135988948E+02  0.358533297244E+02
     263  0.312500000000E+00  0.312500000000E+00  0.625000000000E+00  0.117966341201E+02  0.121202786155E+02  0.128430425428E+02  0.143062566279E+02  0.150152641359E+02  0.195678450834E+02  0.245399842627E+02  0.272100716603E+02  0.363012833488E+02
     264  0.303571428571E+00  0.303571428571E+00  0.607142857143E+00  0.117536073383E+02  0.122196712970E+02  0.127711957733E+02  0.142555239368E+02  0.149565150758E+02  0.191197054295E+02  0.249831060602E+02  0.274263962258E+02  0.367633321827E+02
     265  0.294642857143E+00  0.294642857143E+00  0.589285714286E+00  0.116858723113E+02  0.123204458246E+02  0.127083607558E+02  0.142094398422E+02  0.148961472879E+02  0.186977812535E+02  0.254339764632E+02  0.276632409884E+02  0.372389362577E+02
     266  0.285714285714E+00  0.285714285714E+00  0.571428571429E+00  0.115931513400E+02  0.124210278717E+02  0.126544316112E+02  0.141682711390E+02  0.148343350488E+02  0.183030956875E+02  0.258925066103E+02  0.279211519915E+02  0.377275972846E+02
     267  0.276785714286E+00  0.276785714286E+00  0.553571428571E+00  0.114750783141E+02  0.125205316870E+02  0.126092685971E+02  0.141322269269E+02  0.147712620504E+02  0.179362480333E+02  0.263586356420E+02  0.282005534747E+02  0.382288322195E+02
     268  0.267857142857E+00  0.267857142857E+00  0.535714285714E+00  0.113317466373E+02  0.125726978169E+02  0.126183315399E+02  0.141014597960E+02  0.147071208238E+02  0.175973147493E+02  0.268323033360E+02  0.285017294494E+02  0.387421628171E+02
     269  0.258928571429E+00  0.258928571429E+00  0.517857142857E+00  0.111639284986E+02  0.125445153438E+02  0.127139149215E+02  0.140760671061E+02  0.146421121991E+02  0.172857911772E+02  0.273135528074E+02  0.288248323118E+02  0.392671897036E+02
     270  0.250000000000E+00  0.250000000000E+00  0.500000000000E+00  0.109731318733E+02  0.125244709497E+02  0.128068218284E+02  0.140560923148E+02  0.145764439946E+02  0.170005914034E+02  0.278021099338E+02  0.291698391818E+02  0.398032302670E+02
     271  0.241071428571E+00  0.241071428571E+00  0.482142857143E+00  0.107615471455E+02  0.125122907439E+02  0.128966222633E+02  0.140415263106E+02  0.145103310873E+02  0.167401297132E+02  0.282979897479E+02  0.295366325689E+02  0.403497945969E+02
     272  0.232142857143E+00  0.232142857143E+00  0.464285714286E+00  0.105319037067E+02  0.125076615787E+02  0.129829004904E+02  0.140323087990E+02  0.144439937336E+02  0.165024488844E+02  0.288010421301E+02  0.299249644017E+02  0.407556094475E+02
     273  0.223214285714E+00  0.223214285714E+00  0.446428571429E+00  0.102873091012E+02  0.125102376294E+02  0.130652472258E+02  0.140283297577E+02  0.143776568263E+02  0.162854243418E+02  0.293112445315E+02  0.303345007928E+02  0.410470823104E+02
     274  0.214285714286E+00  0.214285714286E+00  0.428571428571E+00  0.100310217373E+02  0.125196373450E+02  0.131432532871E+02  0.140294309416E+02  0.143115487398E+02  0.160869008954E+02  0.298284701306E+02  0.307648348309E+02  0.413572048547E+02
     275  0.205357142857E+00  0.205357142857E+00  0.410714285714E+00  0.976630119444E+01  0.125354384053E+02  0.132165011733E+02  0.140354074592E+02  0.142459002194E+02  0.159048764006E+02  0.303523886079E+02  0.312154603930E+02  0.416856069628E+02
     276  0.196428571429E+00  0.196428571429E+00  0.392857142857E+00  0.949628414627E+01  0.125571888521E+02  0.132845598749E+02  0.140460095865E+02  0.141809433275E+02  0.157376104656E+02  0.308828032797E+02  0.316858596321E+02  0.420317779077E+02
     277  0.187500000000E+00  0.187500000000E+00  0.375000000000E+00  0.922387880713E+01  0.125844013019E+02  0.133469757651E+02  0.140609446653E+02  0.141169101724E+02  0.155836970621E+02  0.314194059893E+02  0.321754874519E+02  0.423949435854E+02
     278  0.178571428571E+00  0.178571428571E+00  0.357142857143E+00  0.895173335814E+01  0.126165546924E+02  0.134032651560E+02  0.140540317582E+02  0.140798792386E+02  0.154420936231E+02  0.319617908719E+02  0.326837773339E+02  0.427740671377E+02
     279  0.169642857143E+00  0.169642857143E+00  0.339285714286E+00  0.868221787713E+01  0.126530959266E+02  0.134529098075E+02  0.139925368065E+02  0.141024415201E+02  0.153121208669E+02  0.325094356896E+02  0.332101545677E+02  0.431678205627E+02
     280  0.160714285714E+00  0.160714285714E+00  0.321428571429E+00  0.841743075088E+01  0.126934432082E+02  0.134953599052E+02  0.139326506625E+02  0.141282242256E+02  0.151934351560E+02  0.330617477335E+02  0.337540437111E+02  0.435745509738E+02
     281  0.151785714286E+00  0.151785714286E+00  0.303571428571E+00  0.815921640067E+01  0.127369830825E+02  0.135300513638E+02  0.138745940988E+02  0.141567876686E+02  0.150859748236E+02  0.336176896500E+02  0.343148536089E+02  0.439922411127E+02
     282  0.142857142857E+00  0.142857142857E+00  0.285714285714E+00  0.790919143381E+01  0.127830812673E+02  0.135564480109E+02  0.138185822269E+02  0.141876634698E+02  0.149898794908E+02  0.341761895409E+02  0.348919919806E+02  0.442826312398E+02
     283  0.133928571429E+00  0.133928571429E+00  0.267857142857E+00  0.766876977849E+01  0.128310814890E+02  0.135741167944E+02  0.137648235245E+02  0.142203586489E+02  0.149053744452E+02  0.347357313987E+02  0.354848850785E+02  0.440040763530E+02
     284  0.125000000000E+00  0.125000000000E+00  0.250000000000E+00  0.743918891192E+01  0.128803115482E+02  0.135828373218E+02  0.137135187255E+02  0.142543602125E+02  0.148326242283E+02  0.352943307959E+02  0.360928044918E+02  0.437491857372E+02
     285  0.116071428571E+00  0.116071428571E+00  0.232142857143E+00  0.722152969607E+01  0.129300870491E+02  0.135827296935E+02  0.136648600023E+02  0.142891403872E+02  0.147715694282E+02  0.358492097333E+02  0.367150244691E+02  0.435204123986E+02
     286  0.107142857143E+00  0.107142857143E+00  0.214285714286E+00  0.701674115933E+01  0.129797195418E+02  0.135743596250E+02  0.136190299565E+02  0.143241623428E+02  0.147217958538E+02  0.363967287333E+02  0.373507187890E+02  0.433209920677E+02
     287  0.982142857143E-01  0.982142857143E-01  0.196428571429E+00  0.682565423395E+01  0.130285219534E+02  0.135587707970E+02  0.135762009293E+02  0.143588864670E+02  0.146824740250E+02  0.369318958651E+02  0.379988683989E+02  0.431552294710E+02
     288  0.892857142857E-01  0.892857142857E-01  0.178571428571E+00  0.664899612080E+01  0.130758160866E+02  0.135365341301E+02  0.135374159144E+02  0.143927770536E+02  0.146524074526E+02  0.374478843438E+02  0.386581690750E+02  0.430288384411E+02
     289  0.803571428571E-01  0.803571428571E-01  0.160714285714E+00  0.648740456904E+01  0.131209419157E+02  0.135001789565E+02  0.135120035029E+02  0.144253095362E+02  0.146301669366E+02  0.379358724787E+02  0.393268533610E+02  0.429492315677E+02
     290  0.714285714286E-01  0.714285714286E-01  0.142857142857E+00  0.634143492827E+01  0.131632640570E+02  0.134672725907E+02  0.134843163118E+02  0.144559779084E+02  0.146142613941E+02  0.383844921821E+02  0.400027599531E+02  0.429254101199E+02
     291  0.625000000000E-01  0.625000000000E-01  0.125000000000E+00  0.621156748543E+01  0.132021821870E+02  0.134379390596E+02  0.134560529603E+02  0.144843024064E+02  0.146032771929E+02  0.387809317342E+02  0.406824055673E+02  0.429667767870E+02
     292  0.535714285714E-01  0.535714285714E-01  0.107142857143E+00  0.609821562679E+01  0.132371399660E+02  0.134122892135E+02  0.134287270785E+02  0.145098371604E+02  0.145959735317E+02  0.391134197572E+02  0.413607013875E+02  0.430800241648E+02
     293  0.446428571429E-01  0.446428571429E-01  0.892857142857E-01  0.600172850656E+01  0.132676324745E+02  0.133904194454E+02  0.134036195106E+02  0.145321775983E+02  0.145913199563E+02  0.393751102039E+02  0.420296310457E+02  0.432640739153E+02
     294  0.357142857143E-01  0.357142857143E-01  0.714285714286E-01  0.592239754501E+01  0.132932170478E+02  0.133724126314E+02  0.133817696411E+02  0.145509678631E+02  0.145884996378E+02  0.395673796318E+02  0.426759685888E+02  0.435053725931E+02
     295  0.267857142857E-01  0.267857142857E-01  0.535714285714E-01  0.586045615842E+01  0.133135185873E+02  0.133583362832E+02  0.133639879180E+02  0.145659063939E+02  0.145868906359E+02  0.396989154640E+02  0.432769792766E+02  0.437757636313E+02
     296  0.178571428571E-01  0.178571428571E-01  0.357142857143E-01  0.581608511968E+01  0.133282383225E+02  0.133482436379E+02  0.133508765619E+02  0.145767529166E+02  0.145860417069E+02  0.397817164620E+02  0.437930001203E+02  0.440330528819E+02
     297  0.892857142857E-02  0.892857142857E-02  0.178571428571E-01  0.578941157274E+01  0.133371584434E+02  0.133421727404E+02  0.133428488086E+02  0.145833320637E+02  0.145856486964E+02  0.398266309853E+02  0.441591942380E+02  0.442236945991E+02
     298  0.000000000000E+00  0.000000000000E+00  0.000000000000E+00  0.578050876070E+01  0.133401460448E+02  0.133401460448E+02  0.133401460448E+02  0.145855358820E+02  0.145855358820E+02  0.398407874284E+02  0.442951092047E+02  0.442951092047E+02
     299  0.128205128205E-01  0.128205128205E-01  0.128205128205E-01  0.578739297977E+01  0.133380114850E+02  0.133418864297E+02  0.133418864297E+02  0.145847277477E+02  0.145847277477E+02  0.398298227950E+02  0.441687089412E+02  0.442831391314E+02
     300  0.256410256410E-01  0.256410256410E-01  0.256410256410E-01  0.580802133729E+01  0.133316371187E+02  0.133470723868E+02  0.133470723868E+02  0.145823343439E+02  0.145823343439E+02  0.397947415704E+02  0.438331864635E+02  0.442479759270E+02
     301  0.384615384615E-01  0.384615384615E-01  0.384615384615E-01  0.584235053902E+01  0.133211145565E+02  0.133556009780E+02  0.133556009780E+02  0.145784609150E+02  0.145784609150E+02  0.397285337017E+02  0.433754397777E+02  0.441917394386E+02
     302  0.512820512821E-01  0.512820512821E-01  0.512820512821E-01  0.589029899073E+01  0.133065943579E+02  0.133672962064E+02  0.133672962064E+02  0.145732826659E+02  0.145732826659E+02  0.396180847044E+02  0.428721333103E+02  0.441174160874E+02
     303  0.641025641026E-01  0.641025641026E-01  0.641025641026E-01  0.595175636745E+01  0.132882880095E+02  0.133819071618E+02  0.133819071618E+02  0.145670509760E+02  0.145670509760E+02  0.394433224354E+02  0.423816016291E+02  0.440284571852E+02
     304  0.769230769231E-01  0.769230769231E-01  0.769230769231E-01  0.602657390192E+01  0.132664645629E+02  0.133990999471E+02  0.133990999471E+02  0.145600969537E+02  0.145600969537E+02  0.391800320587E+02  0.419492230973E+02  0.439282802125E+02
     305  0.897435897436E-01  0.897435897436E-01  0.897435897436E-01  0.611456553058E+01  0.132414511652E+02  0.134184520807E+02  0.134184520807E+02  0.145528378088E+02  0.145528378088E+02  0.388109590012E+02  0.416038136079E+02  0.438200120124E+02
     306  0.102564102564E+00  0.102564102564E+00  0.102564102564E+00  0.621550371302E+01  0.132136321550E+02  0.134394454295E+02  0.134394454295E+02  0.145457821946E+02  0.145457821946E+02  0.383388505183E+02  0.413488699656E+02  0.437063504892E+02
     307  0.115384615385E+00  0.115384615385E+00  0.115384615385E+00  0.632911502668E+01  0.131834488801E+02  0.134614612217E+02  0.134614612217E+02  0.145395337150E+02  0.145395337150E+02  0.377849316246E+02  0.411664182104E+02  0.435895321988E+02
     308  0.128205128205E+00  0.128205128205E+00  0.128205128205E+00  0.645507512790E+01  0.131514004685E+02  0.134837800955E+02  0.134837800955E+02  0.145347892931E+02  0.145347892931E+02  0.371750995765E+02  0.410321625303E+02  0.434713594058E+02
     309  0.141025641026E+00  0.141025641026E+00  0.141025641026E+00  0.659299964168E+01  0.131180447359E+02  0.135055915273E+02  0.135055915273E+02  0.145323280444E+02  0.145323280444E+02  0.365301938840E+02  0.409258123965E+02  0.433532538738E+02
     310  0.153846153846E+00  0.153846153846E+00  0.153846153846E+00  0.674243831228E+01  0.130840021392E+02  0.135260184996E+02  0.135260184996E+02  0.145329849750E+02  0.145329849750E+02  0.358646433403E+02  0.408332041807E+02  0.432363177722E+02
     311  0.166666666667E+00  0.166666666667E+00  0.166666666667E+00  0.690286210617E+01  0.130499601556E+02  0.135441622618E+02  0.135441622618E+02  0.145376044862E+02  0.145376044862E+02  0.351878474522E+02  0.407450894288E+02  0.431213915414E+02
     312  0.179487179487E+00  0.179487179487E+00  0.179487179487E+00  0.707365003194E+01  0.130166806272E+02  0.135591685607E+02  0.135591685607E+02  0.145469725809E+02  0.145469725809E+02  0.345059630225E+02  0.406556267234E+02  0.430091046275E+02
     313  0.192307692308E+00  0.192307692308E+00  0.192307692308E+00  0.725407222091E+01  0.129850098623E+02  0.135703086735E+02  0.135703086735E+02  0.145617343335E+02  0.145617343335E+02  0.338231311893E+02  0.405613041599E+02  0.428999181531E+02
     314  0.205128205128E+00  0.205128205128E+00  0.205128205128E+00  0.744326932952E+01  0.129558919920E+02  0.135770588864E+02  0.135770588864E+02  0.145823130852E+02  0.145823130852E+02  0.331422441196E+02  0.404602475241E+02  0.427941599874E+02
     315  0.217948717949E+00  0.217948717949E+00  0.217948717949E+00  0.764022612141E+01  0.129303844782E+02  0.135791567263E+02  0.135791567263E+02  0.146088528999E+02  0.146088528999E+02  0.324653109645E+02  0.403517316858E+02  0.426920471106E+02
     316  0.230769230769E+00  0.230769230769E+00  0.230769230769E+00  0.784374766021E+01  0.129096856154E+02  0.135766166593E+02  0.135766166593E+02  0.146412028147E+02  0.146412028147E+02  0.317941597560E+02  0.402359890026E+02  0.425937344390E+02
     317  0.243589743590E+00  0.243589743590E+00  0.243589743590E+00  0.805241743143E+01  0.128951475687E+02  0.135697020336E+02  0.135697020336E+02  0.146789433165E+02  0.146789433165E+02  0.311299875621E+02  0.401137619301E+02  0.424992958724E+02
     318  0.256410256410E+00  0.256410256410E+00  0.256410256410E+00  0.826456678084E+01  0.128883084947E+02  0.135588658243E+02  0.135588658243E+02  0.147214460493E+02  0.147214460493E+02  0.304739121244E+02  0.399862341372E+02  0.424087661710E+02
     319  0.269230769231E+00  0.269230769231E+00  0.269230769231E+00  0.847823935866E+01  0.128909113364E+02  0.135446799621E+02  0.135446799621E+02  0.147679445975E+02  0.147679445975E+02  0.298269475707E+02  0.398548390539E+02  0.423221484447E+02
     320  0.282051282051E+00  0.282051282051E+00  0.282051282051E+00  0.869116651721E+01  0.129049121212E+02  0.135277706723E+02  0.135277706723E+02  0.148175997536E+02  0.148175997536E+02  0.291900686071E+02  0.397211353836E+02  0.422394264224E+02
     321  0.294871794872E+00  0.294871794872E+00  0.294871794872E+00  0.890076558692E+01  0.129324616050E+02  0.135087692693E+02  0.135087692693E+02  0.148695498601E+02  0.148695498601E+02  0.285642633483E+02  0.395867139729E+02  0.421605754976E+02
     322  0.307692307692E+00  0.307692307692E+00  0.307692307692E+00  0.910417966434E+01  0.129758393655E+02  0.134882799213E+02  0.134882799213E+02  0.149229444112E+02  0.149229444112E+02  0.279505466921E+02  0.394531214162E+02  0.420854828329E+02
     323  0.320512820513E+00  0.320512820513E+00  0.320512820513E+00  0.929838015296E+01  0.130373183750E+02  0.134668627312E+02  0.134668627312E+02  0.149769637740E+02  0.149769637740E+02  0.273500891288E+02  0.393218402584E+02  0.420143212225E+02
     324  0.333333333333E+00  0.333333333333E+00  0.333333333333E+00  0.948036349475E+01  0.131189398271E+02  0.134450249632E+02  0.134450249632E+02  0.150308284316E+02  0.150308284316E+02  0.267643021055E+02  0.391942719123E+02  0.419469557617E+02
     325  0.346153846154E+00  0.346153846154E+00  0.346153846154E+00  0.964740231506E+01  0.132221923109E+02  0.134232209184E+02  0.134232209184E+02  0.150838080060E+02  0.150838080060E+02  0.261947028110E+02  0.390716618507E+02  0.418835663663E+02
     326  0.358974358974E+00  0.358974358974E+00  0.358974358974E+00  0.979734113441E+01  0.133476476338E+02  0.134018530510E+02  0.134018530510E+02  0.151352133112E+02  0.151352133112E+02  0.256431191850E+02  0.389551321805E+02  0.418240865122E+02
     327  0.371794871795E+00  0.371794871795E+00  0.371794871795E+00  0.992884881320E+01  0.133812763198E+02  0.133812763198E+02  0.134946158198E+02  0.151844055313E+02  0.151844055313E+02  0.251117220164E+02  0.388456804694E+02  0.417686663346E+02
     328  0.384615384615E+00  0.384615384615E+00  0.384615384615E+00  0.100415768600E+02  0.133618018358E+02  0.133618018358E+02  0.136609013995E+02  0.152307910064E+02  0.152307910064E+02  0.246032882094E+02  0.387442065453E+02  0.417174494769E+02
     329  0.397435897436E+00  0.397435897436E+00  0.397435897436E+00  0.101360954589E+02  0.133437010648E+02  0.133437010648E+02  0.138427132098E+02  0.152738274311E+02  0.152738274311E+02  0.241212822984E+02  0.386514952522E+02  0.416706362344E+02
     330  0.410256410256E+00  0.410256410256E+00  0.410256410256E+00  0.102136800569E+02  0.133272088260E+02  0.133272088260E+02  0.140346982220E+02  0.153130177974E+02  0.153130177974E+02  0.236698989979E+02  0.385682159905E+02  0.416284440968E+02
     331  0.423076923077E+00  0.423076923077E+00  0.423076923077E+00  0.102760413758E+02  0.133125265432E+02  0.133125265432E+02  0.142300522487E+02  0.153479167087E+02  0.153479167087E+02  0.232543618767E+02  0.384949438846E+02  0.415911236058E+02
     332  0.435897435897E+00  0.435897435897E+00  0.435897435897E+00  0.103250411908E+02  0.132998245972E+02  0.132998245972E+02  0.144206529364E+02  0.153781313763E+02  0.153781313763E+02  0.228810412806E+02  0.384321628308E+02  0.415589401831E+02
     333  0.448717948718E+00  0.448717948718E+00  0.448717948718E+00  0.103624685354E+02  0.132892442535E+02  0.132892442535E+02  0.145972456607E+02  0.154033240133E+02  0.154033240133E+02  0.225574935733E+02  0.383802716446E+02  0.415321593721E+02
     334  0.461538461538E+00  0.461538461538E+00  0.461538461538E+00  0.103898899638E+02  0.132808992275E+02  0.132808992275E+02  0.147498008873E+02  0.154232141727E+02  0.154232141727E+02  0.222922546530E+02  0.383395893311E+02  0.415110301772E+02
     335  0.474358974359E+00  0.474358974359E+00  0.474358974359E+00  0.104085644752E+02  0.132748768094E+02  0.132748768094E+02  0.148682227788E+02  0.154375810370E+02  0.154375810370E+02  0.220942172096E+02  0.383103594735E+02  0.414957682905E+02
     336  0.487179487179E+00  0.487179487179E+00  0.487179487179E+00  0.104194028618E+02  0.132712386276E+02  0.132712386276E+02  0.149435322605E+02  0.154462631184E+02  0.154462631184E+02  0.219714868903E+02  0.382927535750E+02  0.414865396017E+02
     337  0.500000000000E+00  0.500000000000E+00  0.500000000000E+00  0.104229547987E+02  0.132700218943E+02  0.132700218943E+02  0.149694017689E+02  0.154491685492E+02  0.154491685492E+02  0.219298694377E+02  0.382868736768E+02  0.414834520683E+02
     338  0.508928571429E+00  0.482142857143E+00  0.508928571429E+00  0.104415519832E+02  0.132537767553E+02  0.132820577757E+02  0.147621556054E+02  0.154472653842E+02  0.156853192487E+02  0.219331729457E+02  0.381782639570E+02  0.411436113918E+02
     339  0.517857142857E+00  0.464285714286E+00  0.517857142857E+00  0.104967217955E+02  0.132048540593E+02  0.133179288306E+02  0.144454896207E+02  0.154416244690E+02  0.160894543443E+02  0.219433475890E+02  0.378065055696E+02  0.404845690485E+02
     340  0.526785714286E+00  0.446428571429E+00  0.526785714286E+00  0.105865685879E+02  0.131228037345E+02  0.133769260531E+02  0.141444704634E+02  0.154324611649E+02  0.165387014321E+02  0.219612960638E+02  0.370952510665E+02  0.399279213323E+02
     341  0.535714285714E+00  0.428571428571E+00  0.535714285714E+00  0.107077576629E+02  0.130076242959E+02  0.134578527533E+02  0.138776534317E+02  0.154201343418E+02  0.170174575404E+02  0.219884696444E+02  0.360898796503E+02  0.393238090707E+02
     342  0.544642857143E+00  0.410714285714E+00  0.544642857143E+00  0.108552016322E+02  0.128617916038E+02  0.135590002440E+02  0.136513201165E+02  0.154051544073E+02  0.175212427237E+02  0.220267405840E+02  0.349240611625E+02  0.385975639691E+02
     343  0.553571428571E+00  0.392857142857E+00  0.553571428571E+00  0.110215300156E+02  0.126926613941E+02  0.134663063831E+02  0.136781112626E+02  0.153881937921E+02  0.180477442757E+02  0.220782402531E+02  0.336946069824E+02  0.378842120153E+02
     344  0.562500000000E+00  0.375000000000E+00  0.562500000000E+00  0.111962214664E+02  0.125118363615E+02  0.133208560858E+02  0.138123262653E+02  0.153701149787E+02  0.185952059320E+02  0.221449842411E+02  0.324531914736E+02  0.371941604669E+02
     345  0.571428571429E+00  0.357142857143E+00  0.571428571429E+00  0.113643728940E+02  0.123314721015E+02  0.132157906689E+02  0.139581031070E+02  0.153520256783E+02  0.191617493095E+02  0.222281765430E+02  0.312299463558E+02  0.365343536689E+02
     346  0.580357142857E+00  0.339285714286E+00  0.580357142857E+00  0.115056401867E+02  0.121621705953E+02  0.131577232177E+02  0.141110960541E+02  0.153353745735E+02  0.197447707381E+02  0.223269139070E+02  0.300477706346E+02  0.359102673839E+02
     347  0.589285714286E+00  0.321428571429E+00  0.589285714286E+00  0.115951926954E+02  0.120148249995E+02  0.131563366546E+02  0.142659750388E+02  0.153221253893E+02  0.203394808504E+02  0.224359820183E+02  0.289316678823E+02  0.353267628163E+02
     348  0.598214285714E+00  0.303571428571E+00  0.598214285714E+00  0.116101584242E+02  0.119037550254E+02  0.132149851884E+02  0.144161806561E+02  0.153150121287E+02  0.209339324622E+02  0.225437359593E+02  0.279181765202E+02  0.347885976268E+02
     349  0.607142857143E+00  0.285714285714E+00  0.607142857143E+00  0.115523420014E+02  0.118324135470E+02  0.133225882911E+02  0.145537399577E+02  0.153177661850E+02  0.214860780373E+02  0.226431140106E+02  0.270678260288E+02  0.343005669652E+02
     350  0.616071428571E+00  0.267857142857E+00  0.616071428571E+00  0.114595313589E+02  0.117783376906E+02  0.134578194350E+02  0.146697311917E+02  0.153347408644E+02  0.218192109216E+02  0.228294861719E+02  0.264722900662E+02  0.338676000134E+02
     351  0.625000000000E+00  0.250000000000E+00  0.625000000000E+00  0.113610035276E+02  0.117277896481E+02  0.135994077200E+02  0.147566621714E+02  0.153686701241E+02  0.216624650132E+02  0.232987146768E+02  0.262154342589E+02  0.334946183187E+02
     352  0.609375000000E+00  0.250000000000E+00  0.640625000000E+00  0.113701427889E+02  0.117392717348E+02  0.135690233300E+02  0.147470102294E+02  0.153843671097E+02  0.216975536095E+02  0.233262988002E+02  0.262213305859E+02  0.331170592648E+02
     353  0.593750000000E+00  0.250000000000E+00  0.656250000000E+00  0.113953912818E+02  0.117748692253E+02  0.134832689380E+02  0.147192893061E+02  0.154265548837E+02  0.218023694123E+02  0.234073331176E+02  0.262388219366E+02  0.322344007948E+02
     354  0.578125000000E+00  0.250000000000E+00  0.671875000000E+00  0.114309230924E+02  0.118373328687E+02  0.133550685654E+02  0.146770656231E+02  0.154837696548E+02  0.219755224630E+02  0.235363267959E+02  0.262668815310E+02  0.311632693409E+02
     355  0.562500000000E+00  0.250000000000E+00  0.687500000000E+00  0.114694530322E+02  0.119287915753E+02  0.131989590447E+02  0.146258809289E+02  0.155438759802E+02  0.222147400340E+02  0.237025650436E+02  0.263021690752E+02  0.300562167006E+02
     356  0.546875000000E+00  0.250000000000E+00  0.703125000000E+00  0.115049461939E+02  0.120480636244E+02  0.130275421718E+02  0.145727457113E+02  0.155975017828E+02  0.225169690676E+02  0.238855160562E+02  0.263344052099E+02  0.289980113652E+02
     357  0.531250000000E+00  0.250000000000E+00  0.718750000000E+00  0.115335237853E+02  0.121899051753E+02  0.128506615903E+02  0.145255292337E+02  0.156386727336E+02  0.228785794297E+02  0.240404776813E+02  0.263328695353E+02  0.280880638958E+02
     358  0.515625000000E+00  0.250000000000E+00  0.734375000000E+00  0.115524762725E+02  0.123463395986E+02  0.126757585521E+02  0.144922092050E+02  0.156641812510E+02  0.232956249280E+02  0.240605623906E+02  0.262399411759E+02  0.275035214713E+02
     359  0.500000000000E+00  0.250000000000E+00  0.750000000000E+00  0.115593378072E+02  0.125084389004E+02  0.125084389004E+02  0.144798576625E+02  0.156727474462E+02  0.237641358055E+02  0.237641358055E+02  0.261474214520E+02  0.273430506336E+02
     360  0.500000000000E+00  0.265625000000E+00  0.734375000000E+00  0.115717559874E+02  0.124859822302E+02  0.125190922807E+02  0.144799829511E+02  0.156560043476E+02  0.235313072570E+02  0.236828680751E+02  0.264063730891E+02  0.275036557857E+02
     361  0.500000000000E+00  0.281250000000E+00  0.718750000000E+00  0.116089576592E+02  0.124202202814E+02  0.125507856269E+02  0.144773997925E+02  0.156092714737E+02  0.230062929645E+02  0.234784294878E+02  0.270098664439E+02  0.279440936880E+02
     362  0.500000000000E+00  0.296875000000E+00  0.703125000000E+00  0.116707418414E+02  0.123154770965E+02  0.126027410823E+02  0.144638357634E+02  0.155427719194E+02  0.223818019526E+02  0.232226519444E+02  0.277649917126E+02  0.285866870377E+02
     363  0.500000000000E+00  0.312500000000E+00  0.687500000000E+00  0.117567046237E+02  0.121776927961E+02  0.126737422211E+02  0.144278157936E+02  0.154719334970E+02  0.217319603113E+02  0.229669905911E+02  0.285972056829E+02  0.293706368375E+02
     364  0.500000000000E+00  0.328125000000E+00  0.671875000000E+00  0.118661356481E+02  0.120134785503E+02  0.127622775314E+02  0.143592519484E+02  0.154129087649E+02  0.210830951725E+02  0.227370231211E+02  0.294798178105E+02  0.302584011871E+02
     365  0.500000000000E+00  0.343750000000E+00  0.656250000000E+00  0.118296595686E+02  0.119977937570E+02  0.128667566777E+02  0.142557139652E+02  0.153756496180E+02  0.204458838831E+02  0.225421109130E+02  0.304008853089E+02  0.312268445364E+02
     366  0.500000000000E+00  0.359375000000E+00  0.640625000000E+00  0.116332173886E+02  0.121496081703E+02  0.129858980609E+02  0.141247586944E+02  0.153605090100E+02  0.198253315250E+02  0.223831966134E+02  0.313538017419E+02  0.322604949790E+02
     367  0.500000000000E+00  0.375000000000E+00  0.625000000000E+00  0.114313341465E+02  0.123181186170E+02  0.131193290495E+02  0.139794104348E+02  0.153617379174E+02  0.192240605085E+02  0.222572087887E+02  0.323330019885E+02  0.333475999655E+02
     368  0.500000000000E+00  0.390625000000E+00  0.609375000000E+00  0.112313588151E+02  0.124976529422E+02  0.132685012850E+02  0.138323672574E+02  0.153726377856E+02  0.186436606708E+02  0.221595715115E+02  0.333321993596E+02  0.344780326679E+02
     369  0.500000000000E+00  0.406250000000E+00  0.593750000000E+00  0.110406038666E+02  0.126793676004E+02  0.134377213557E+02  0.136933661543E+02  0.153879834859E+02  0.180852444068E+02  0.220854005973E+02  0.343413488504E+02  0.356414667055E+02
     370  0.500000000000E+00  0.421875000000E+00  0.578125000000E+00  0.108660521308E+02  0.128512379624E+02  0.135690449417E+02  0.136342559291E+02  0.154042937599E+02  0.175498051344E+02  0.220301913698E+02  0.353428892996E+02  0.368254567650E+02
     371  0.500000000000E+00  0.437500000000E+00  0.562500000000E+00  0.107140431526E+02  0.130007023968E+02  0.134636524942E+02  0.138657044081E+02  0.154194092358E+02  0.170385532597E+02  0.219901150884E+02  0.363034045270E+02  0.380124657206E+02
     372  0.500000000000E+00  0.453125000000E+00  0.546875000000E+00  0.105899982558E+02  0.131191221126E+02  0.133798047770E+02  0.141352945673E+02  0.154320421239E+02  0.165533736213E+02  0.219620510148E+02  0.371586925505E+02  0.391734169567E+02
     373  0.500000000000E+00  0.468750000000E+00  0.531250000000E+00  0.104982514488E+02  0.132033559649E+02  0.133190628856E+02  0.144389553526E+02  0.154414498206E+02  0.160984393468E+02  0.219436476235E+02  0.378081607601E+02  0.402515748676E+02
     374  0.500000000000E+00  0.484375000000E+00  0.515625000000E+00  0.104419382609E+02  0.132534288875E+02  0.132823171144E+02  0.147589679260E+02  0.154472236732E+02  0.156891103206E+02  0.219332419015E+02  0.381761558947E+02  0.411167886889E+02
     375  0.500000000000E+00  0.500000000000E+00  0.500000000000E+00  0.104229547987E+02  0.132700218943E+02  0.132700218943E+02  0.149694017689E+02  0.154491685492E+02  0.154491685492E+02  0.219298694377E+02  0.382868736768E+02  0.414834520683E+02
     376  0.491071428571E+00  0.491071428571E+00  0.517857142857E+00  0.104415519832E+02  0.132537767553E+02  0.132820577757E+02  0.147621556054E+02  0.154472653842E+02  0.156853192487E+02  0.219331729457E+02  0.381782639570E+02  0.411436113918E+02
     377  0.482142857143E+00  0.482142857143E+00  0.535714285714E+00  0.104967217955E+02  0.132048540593E+02  0.133179288306E+02  0.144454896207E+02  0.154416244690E+02  0.160894543443E+02  0.219433475890E+02  0.378065055696E+02  0.404845690485E+02
     378  0.473214285714E+00  0.473214285714E+00  0.553571428571E+00  0.105865685879E+02  0.131228037345E+02  0.133769260531E+02  0.141444704634E+02  0.154324611649E+02  0.165387014321E+02  0.219612960638E+02  0.370952510665E+02  0.399279213323E+02
     379  0.464285714286E+00  0.464285714286E+00  0.571428571429E+00  0.107077576629E+02  0.130076242959E+02  0.134578527533E+02  0.138776534317E+02  0.154201343418E+02  0.170174575404E+02  0.219884696444E+02  0.360898796503E+02  0.393238090707E+02
     380  0.455357142857E+00  0.455357142857E+00  0.589285714286E+00  0.108552016322E+02  0.128617916038E+02  0.135590002440E+02  0.136513201165E+02  0.154051544073E+02  0.175212427237E+02  0.220267405840E+02  0.349240611625E+02  0.385975639691E+02
     381  0.446428571429E+00  0.446428571429E+00  0.607142857143E+00  0.110215300156E+02  0.126926613941E+02  0.134663063831E+02  0.136781112626E+02  0.153881937921E+02  0.180477442757E+02  0.220782402531E+02  0.336946069824E+02  0.378842120153E+02
     382  0.437500000000E+00  0.437500000000E+00  0.625000000000E+00  0.111962214664E+02  0.125118363615E+02  0.133208560858E+02  0.138123262653E+02  0.153701149787E+02  0.185952059320E+02  0.221449842411E+02  0.324531914736E+02  0.371941604669E+02
     383  0.428571428571E+00  0.428571428571E+00  0.642857142857E+00  0.113643728940E+02  0.123314721015E+02  0.132157906689E+02  0.139581031070E+02  0.153520256783E+02  0.191617493095E+02  0.222281765430E+02  0.312299463558E+02  0.365343536689E+02
     384  0.419642857143E+00  0.419642857143E+00  0.660714285714E+00  0.115056401867E+02  0.121621705953E+02  0.131577232177E+02  0.141110960541E+02  0.153353745735E+02  0.197447707381E+02  0.223269139070E+02  0.300477706346E+02  0.359102673839E+02
     385  0.410714285714E+00  0.410714285714E+00  0.678571428571E+00  0.115951926954E+02  0.120148249995E+02  0.131563366546E+02  0.142659750388E+02  0.153221253893E+02  0.203394808504E+02  0.224359820183E+02  0.289316678823E+02  0.353267628163E+02
     386  0.401785714286E+00  0.401785714286E+00  0.696428571429E+00  0.116101584242E+02  0.119037550254E+02  0.132149851884E+02  0.144161806561E+02  0.153150121287E+02  0.209339324622E+02  0.225437359593E+02  0.279181765202E+02  0.347885976268E+02
     387  0.392857142857E+00  0.392857142857E+00  0.714285714286E+00  0.115523420014E+02  0.118324135470E+02  0.133225882911E+02  0.145537399577E+02  0.153177661850E+02  0.214860780373E+02  0.226431140106E+02  0.270678260288E+02  0.343005669652E+02
     388  0.383928571429E+00  0.383928571429E+00  0.732142857143E+00  0.114595313589E+02  0.117783376906E+02  0.134578194350E+02  0.146697311917E+02  0.153347408644E+02  0.218192109216E+02  0.228294861719E+02  0.264722900662E+02  0.338676000134E+02
     389  0.375000000000E+00  0.375000000000E+00  0.750000000000E+00  0.113610035276E+02  0.117277896481E+02  0.135994077200E+02  0.147566621714E+02  0.153686701241E+02  0.216624650132E+02  0.232987146768E+02  0.262154342589E+02  0.334946183187E+02
     390  0.625000000000E+00  0.250000000000E+00  0.625000000000E+00  0.113610035276E+02  0.117277896481E+02  0.135994077200E+02  0.147566621714E+02  0.153686701241E+02  0.216624650132E+02  0.232987146768E+02  0.262154342590E+02  0.334946183187E+02
     391  0.609375000000E+00  0.218750000000E+00  0.609375000000E+00  0.111946861924E+02  0.116382476126E+02  0.138551391740E+02  0.148810378047E+02  0.154381867097E+02  0.210086805977E+02  0.243219030652E+02  0.261150048170E+02  0.329266494932E+02
     392  0.593750000000E+00  0.187500000000E+00  0.593750000000E+00  0.110386528225E+02  0.115464945524E+02  0.141343434773E+02  0.150023166231E+02  0.154991830770E+02  0.203846117054E+02  0.252267216858E+02  0.261978133988E+02  0.324206613064E+02
     393  0.578125000000E+00  0.156250000000E+00  0.578125000000E+00  0.108972833070E+02  0.114593796619E+02  0.144334050340E+02  0.151159376922E+02  0.155513086409E+02  0.197938639780E+02  0.255796966991E+02  0.268784009462E+02  0.319813210175E+02
     394  0.562500000000E+00  0.125000000000E+00  0.562500000000E+00  0.107747480437E+02  0.113822200862E+02  0.147460460884E+02  0.152172368285E+02  0.155942899634E+02  0.192426788834E+02  0.256029295959E+02  0.279091390672E+02  0.316134180778E+02
     395  0.546875000000E+00  0.937500000000E-01  0.546875000000E+00  0.106749021291E+02  0.113188678778E+02  0.150606351400E+02  0.153017092977E+02  0.156279187605E+02  0.187426467918E+02  0.255817832413E+02  0.289643196154E+02  0.313215432309E+02
     396  0.531250000000E+00  0.625000000000E-01  0.531250000000E+00  0.106010368286E+02  0.112719534523E+02  0.153541958931E+02  0.153653234798E+02  0.156520416005E+02  0.183166718610E+02  0.255599751082E+02  0.299274793463E+02  0.311097541306E+02
     397  0.515625000000E+00  0.312500000000E-01  0.515625000000E+00  0.105556706593E+02  0.112431814507E+02  0.154048796141E+02  0.155813556237E+02  0.156665552543E+02  0.180100910810E+02  0.255456906944E+02  0.306546174157E+02  0.309812905840E+02
     398  0.500000000000E+00  0.000000000000E+00  0.500000000000E+00  0.105403711657E+02  0.112334911372E+02  0.154183040344E+02  0.156713996636E+02  0.156713996636E+02  0.178935772760E+02  0.255408111871E+02  0.309382291404E+02  0.309382291404E+02
