       1  0.000000000000E+00  0.000000000000E+00  0.000000000000E+00 -0.219439592150E+02 -0.102856938144E+02 -0.568600390225E+01 -0.566835854907E+01  0.790941979994E+00  0.173109256802E+01  0.199640506228E+01  0.295769340502E+01
       2  0.104165625000E-01  0.104165625000E-01  0.000000000000E+00 -0.219363012282E+02 -0.102764267374E+02 -0.571493459024E+01 -0.568753236957E+01  0.801347288211E+00  0.174169346096E+01  0.200715601980E+01  0.296831952153E+01
       3  0.208331250000E-01  0.208331250000E-01  0.000000000000E+00 -0.219133308364E+02 -0.102486362216E+02 -0.580524063030E+01 -0.573991906765E+01  0.832565849475E+00  0.177349338168E+01  0.203940929957E+01  0.300019567221E+01
       4  0.312496875000E-01  0.312496875000E-01  0.000000000000E+00 -0.218750589915E+02 -0.102023539278E+02 -0.595330213559E+01 -0.582451796057E+01  0.884605177383E+00  0.182648403930E+01  0.209316611693E+01  0.305331522530E+01
       5  0.416662500000E-01  0.416662500000E-01  0.000000000000E+00 -0.218215037611E+02 -0.101376329153E+02 -0.615259119872E+01 -0.594089228224E+01  0.957475767104E+00  0.190065125590E+01  0.216842828016E+01  0.312766686507E+01
       6  0.520828125000E-01  0.520828125000E-01  0.000000000000E+00 -0.217526925727E+02 -0.100545493681E+02 -0.639600340803E+01 -0.608768409557E+01  0.105118824181E+01  0.199597426418E+01  0.226519790788E+01  0.322323402802E+01
       7  0.624993750000E-01  0.624993750000E-01  0.000000000000E+00 -0.216686595237E+02 -0.995320327377E+01 -0.667621869456E+01 -0.626305311697E+01  0.116575122444E+01  0.211242486121E+01  0.238347719091E+01  0.333999424823E+01
       8  0.729159375000E-01  0.729159375000E-01  0.000000000000E+00 -0.215694478841E+02 -0.983371993803E+01 -0.698617846638E+01 -0.646483940008E+01  0.130116812658E+01  0.224996607760E+01  0.252326805657E+01  0.347791811503E+01
       9  0.833325000000E-01  0.833325000000E-01  0.000000000000E+00 -0.214551104592E+02 -0.969625309242E+01 -0.731942044817E+01 -0.669065334738E+01  0.145743522791E+01  0.240855025534E+01  0.268457193139E+01  0.363696779003E+01
      10  0.937490625000E-01  0.937490625000E-01  0.000000000000E+00 -0.213257092252E+02 -0.954098665027E+01 -0.767023824770E+01 -0.693795325337E+01  0.163453996257E+01  0.258811655326E+01  0.286738955901E+01  0.381709505915E+01
      11  0.104165625000E+00  0.104165625000E+00  0.000000000000E+00 -0.211813182370E+02 -0.936813900333E+01 -0.803371465673E+01 -0.720411513934E+01  0.183245974635E+01  0.278858729428E+01  0.307172089464E+01  0.401823848418E+01
      12  0.114582187500E+00  0.114582187500E+00  0.000000000000E+00 -0.210220242630E+02 -0.917796662006E+01 -0.840568111362E+01 -0.748649911257E+01  0.205116036562E+01  0.300986295497E+01  0.329756491251E+01  0.424031951818E+01
      13  0.124998750000E+00  0.124998750000E+00  0.000000000000E+00 -0.208479270116E+02 -0.897076967821E+01 -0.878263919192E+01 -0.778250007424E+01  0.229059563759E+01  0.325181498447E+01  0.354491964052E+01  0.448323687262E+01
      14  0.135415312500E+00  0.135415312500E+00  0.000000000000E+00 -0.206591430216E+02 -0.916167197968E+01 -0.874689761827E+01 -0.808959353183E+01  0.255070505636E+01  0.351427536528E+01  0.381378196519E+01  0.474685814909E+01
      15  0.145831875000E+00  0.145831875000E+00  0.000000000000E+00 -0.204558067536E+02 -0.954034977042E+01 -0.850675673970E+01 -0.840536251824E+01  0.283141217176E+01  0.379702109404E+01  0.410414754332E+01  0.468306178433E+01
      16  0.156248437500E+00  0.156248437500E+00  0.000000000000E+00 -0.202380744188E+02 -0.991665324087E+01 -0.872752083678E+01 -0.825081881286E+01  0.313262124242E+01  0.409974799722E+01  0.422276093525E+01  0.441601057520E+01
      17  0.166665000000E+00  0.166665000000E+00  0.000000000000E+00 -0.200061271893E+02 -0.102889017337E+02 -0.905392352019E+01 -0.797963191167E+01  0.345421294556E+01  0.375956863342E+01  0.442204966875E+01  0.474936352318E+01
      18  0.177081562500E+00  0.177081562500E+00  0.000000000000E+00 -0.197601763983E+02 -0.106556936945E+02 -0.938256872640E+01 -0.769383269515E+01  0.329609311273E+01  0.379603853669E+01  0.476332133563E+01  0.510419667957E+01
      19  0.187498125000E+00  0.187498125000E+00  0.000000000000E+00 -0.195004716676E+02 -0.110158589052E+02 -0.971159558406E+01 -0.739416171167E+01  0.283463435693E+01  0.415790953275E+01  0.512269834144E+01  0.548049738852E+01
      20  0.197914687500E+00  0.197914687500E+00  0.000000000000E+00 -0.192273061862E+02 -0.113684173736E+02 -0.100392708708E+02 -0.708147999959E+01  0.237723458378E+01  0.453958674227E+01  0.549885438643E+01  0.587824913373E+01
      21  0.208331250000E+00  0.208331250000E+00  0.000000000000E+00 -0.189410328003E+02 -0.117125466892E+02 -0.103639774268E+02 -0.675679218278E+01  0.192569299925E+01  0.494075914163E+01  0.588967432127E+01  0.629742977051E+01
      22  0.218747812500E+00  0.218747812500E+00  0.000000000000E+00 -0.186420779943E+02 -0.120475539509E+02 -0.106841878133E+02 -0.642126896538E+01  0.148159830167E+01  0.536101709719E+01  0.629160485849E+01  0.673800901375E+01
      23  0.229164375000E+00  0.229164375000E+00  0.000000000000E+00 -0.183309679573E+02 -0.123728568102E+02 -0.109984393165E+02 -0.607627673970E+01  0.104634449495E+01  0.579980686241E+01  0.669832474117E+01  0.719994382869E+01
      24  0.239580937500E+00  0.239580937500E+00  0.000000000000E+00 -0.180083625336E+02 -0.126879617484E+02 -0.113052901510E+02 -0.572340875638E+01  0.621163486197E+00  0.625636268417E+01  0.709796898193E+01  0.768317038651E+01
      25  0.249997500000E+00  0.249997500000E+00  0.000000000000E+00 -0.176751122385E+02 -0.129924516227E+02 -0.116032607978E+02 -0.536451773022E+01  0.207136936399E+00  0.672959252655E+01  0.746781451562E+01  0.818758743288E+01
      26  0.260414062500E+00  0.260414062500E+00  0.000000000000E+00 -0.173323490693E+02 -0.132859726165E+02 -0.118907432150E+02 -0.500175633378E+01 -0.194783004172E+00  0.721788342291E+01  0.776839423080E+01  0.871301689993E+01
      27  0.270830625000E+00  0.270830625000E+00  0.000000000000E+00 -0.169816363782E+02 -0.135682250467E+02 -0.121658479755E+02 -0.463760741040E+01 -0.583754676336E+00  0.771875451509E+01  0.795419941172E+01  0.925908202632E+01
      28  0.281247187500E+00  0.281247187500E+00  0.000000000000E+00 -0.166252405422E+02 -0.138389532627E+02 -0.124261368630E+02 -0.427491215746E+01 -0.959037757235E+00  0.801563905117E+01  0.822820086203E+01  0.982458719075E+01
      29  0.291663750000E+00  0.291663750000E+00  0.000000000000E+00 -0.162666363705E+02 -0.140979415914E+02 -0.126681226931E+02 -0.391687849445E+01 -0.131997806874E+01  0.799173625195E+01  0.873937088714E+01  0.104000532496E+02
      30  0.302080312500E+00  0.302080312500E+00  0.000000000000E+00 -0.159115051897E+02 -0.143450043332E+02 -0.128862814786E+02 -0.356706521959E+01 -0.166599665431E+01  0.793044071573E+01  0.923973679591E+01  0.104206871940E+02
      31  0.312496875000E+00  0.312496875000E+00  0.000000000000E+00 -0.155697420817E+02 -0.145799841597E+02 -0.130710578346E+02 -0.322931806043E+01 -0.199657993575E+01  0.786556813360E+01  0.970468023672E+01  0.104099788352E+02
      32  0.322913437500E+00  0.322913437500E+00  0.000000000000E+00 -0.152592432262E+02 -0.148027438174E+02 -0.132051020441E+02 -0.290765325044E+01 -0.231127019418E+01  0.781784031810E+01  0.100836063398E+02  0.103652328831E+02
      33  0.333330000000E+00  0.333330000000E+00  0.000000000000E+00 -0.150146980099E+02 -0.150089155752E+02 -0.132587468796E+02 -0.261168701358E+01 -0.260403481978E+01  0.779988224568E+01  0.102853321516E+02  0.102915157179E+02
      34  0.338538437500E+00  0.322913437500E+00  0.000000000000E+00 -0.151138900969E+02 -0.149211137055E+02 -0.132436285737E+02 -0.275286046439E+01 -0.246373846751E+01  0.780460263354E+01  0.102361978571E+02  0.103113400845E+02
      35  0.343746875000E+00  0.312496875000E+00  0.000000000000E+00 -0.152113216889E+02 -0.148602717190E+02 -0.131959249019E+02 -0.289162246629E+01 -0.232801250777E+01  0.781931878132E+01  0.101790521763E+02  0.102887119135E+02
      36  0.348955312500E+00  0.302080312500E+00  0.000000000000E+00 -0.153056364118E+02 -0.148279468040E+02 -0.131156020343E+02 -0.302615636907E+01 -0.219900182898E+01  0.784442026319E+01  0.101161888967E+02  0.102344577532E+02
      37  0.354163750000E+00  0.291663750000E+00  0.000000000000E+00 -0.153968180605E+02 -0.148211874172E+02 -0.130058159352E+02 -0.315641753067E+01 -0.207702304752E+01  0.788010398905E+01  0.100485939359E+02  0.101554061490E+02
      38  0.359372187500E+00  0.281247187500E+00  0.000000000000E+00 -0.154848565466E+02 -0.148351074366E+02 -0.128716750649E+02 -0.328237069313E+01 -0.196232102286E+01  0.792636983488E+01  0.997723095286E+01  0.100514894321E+02
      39  0.364580625000E+00  0.270830625000E+00  0.000000000000E+00 -0.155697436622E+02 -0.148644724975E+02 -0.127186610019E+02 -0.340398201479E+01 -0.185506658750E+01  0.798301932002E+01  0.990247443919E+01  0.991637988383E+01
      40  0.369789062500E+00  0.260414062500E+00  0.000000000000E+00 -0.156514726446E+02 -0.149047054731E+02 -0.125516254498E+02 -0.352122313677E+01 -0.175535393283E+01  0.804964767545E+01  0.974000179551E+01  0.982739478185E+01
      41  0.374997500000E+00  0.249997500000E+00  0.000000000000E+00 -0.157300368531E+02 -0.149522072863E+02 -0.123744735159E+02 -0.363406523547E+01 -0.166319771158E+01  0.812563472514E+01  0.952704304562E+01  0.975026277388E+01
      42  0.380205937500E+00  0.239580937500E+00  0.000000000000E+00 -0.158054298530E+02 -0.150042908507E+02 -0.121902288028E+02 -0.374248161078E+01 -0.157853382231E+01  0.821014442580E+01  0.928694386894E+01  0.967285570378E+01
      43  0.385414375000E+00  0.229164375000E+00  0.000000000000E+00 -0.158776469510E+02 -0.150589930239E+02 -0.120012278277E+02 -0.384644792420E+01 -0.150122361871E+01  0.830211270700E+01  0.902967175407E+01  0.959578656597E+01
      44  0.390622812500E+00  0.218747812500E+00  0.000000000000E+00 -0.159466825416E+02 -0.151148837589E+02 -0.118093113579E+02 -0.394594056036E+01 -0.143105832264E+01  0.840024736622E+01  0.876215657077E+01  0.951962475405E+01
      45  0.395831250000E+00  0.208331250000E+00  0.000000000000E+00 -0.160125322600E+02 -0.151709151252E+02 -0.116159806041E+02 -0.404093818569E+01 -0.136776799182E+01  0.848914107892E+01  0.850302866499E+01  0.944487054983E+01
      46  0.401039687500E+00  0.197914687500E+00  0.000000000000E+00 -0.160751916435E+02 -0.152263100027E+02 -0.114225096033E+02 -0.413141996484E+01 -0.131103074085E+01  0.821408020338E+01  0.860872625232E+01  0.937195940074E+01
      47  0.406248125000E+00  0.187498125000E+00  0.000000000000E+00 -0.161346576699E+02 -0.152804841122E+02 -0.112300251812E+02 -0.421736754200E+01 -0.126048097450E+01  0.793965888632E+01  0.871542319950E+01  0.930126894168E+01
      48  0.411456562500E+00  0.177081562500E+00  0.000000000000E+00 -0.161909262634E+02 -0.153329925889E+02 -0.110395656088E+02 -0.429876338647E+01 -0.121572304486E+01  0.766808514296E+01  0.882106525570E+01  0.923312494686E+01
      49  0.416665000000E+00  0.166665000000E+00  0.000000000000E+00 -0.162439942214E+02 -0.153834914492E+02 -0.108521197877E+02 -0.437559058277E+01 -0.117634018129E+01  0.740125959989E+01  0.892353743333E+01  0.916780858668E+01
      50  0.421873437500E+00  0.156248437500E+00  0.000000000000E+00 -0.162938585429E+02 -0.154317109146E+02 -0.106686539798E+02 -0.444783386109E+01 -0.114190428217E+01  0.714087850304E+01  0.902077127189E+01  0.910556270980E+01
      51  0.427081875000E+00  0.145831875000E+00  0.000000000000E+00 -0.163405173171E+02 -0.154774381168E+02 -0.104901333433E+02 -0.451547964842E+01 -0.111198624395E+01  0.688849746336E+01  0.904659570206E+01  0.911087842874E+01
      52  0.432290312500E+00  0.135415312500E+00  0.000000000000E+00 -0.163839672169E+02 -0.155205012605E+02 -0.103175327081E+02 -0.457851426089E+01 -0.108616111618E+01  0.664558452330E+01  0.899108793188E+01  0.911704230269E+01
      53  0.437498750000E+00  0.124998750000E+00  0.000000000000E+00 -0.164242064771E+02 -0.155607621512E+02 -0.101518439832E+02 -0.463692603849E+01 -0.106401827687E+01  0.641353857785E+01  0.893919457866E+01  0.906018007206E+01
      54  0.442707187500E+00  0.114582187500E+00  0.000000000000E+00 -0.164612332370E+02 -0.155981076905E+02 -0.999407930115E+01 -0.469070391923E+01 -0.104516518815E+01  0.619371886929E+01  0.889104875980E+01  0.900759772016E+01
      55  0.447915625000E+00  0.104165625000E+00  0.000000000000E+00 -0.164950457768E+02 -0.156324450857E+02 -0.984526830701E+01 -0.473983776181E+01 -0.102923139509E+01  0.598744514207E+01  0.884676525233E+01  0.895936881180E+01
      56  0.453124062500E+00  0.937490625000E-01  0.000000000000E+00 -0.165256420435E+02 -0.156636978471E+02 -0.970645177062E+01 -0.478431876733E+01 -0.101587345576E+01  0.579600265079E+01  0.880644281494E+01  0.891555831659E+01
      57  0.458332500000E+00  0.833325000000E-01  0.000000000000E+00 -0.165530213313E+02 -0.156918028456E+02 -0.957867000597E+01 -0.482413879977E+01 -0.100477717139E+01  0.562064261774E+01  0.877016470253E+01  0.887622234857E+01
      58  0.463540937500E+00  0.729159375000E-01  0.000000000000E+00 -0.165771822217E+02 -0.157167078847E+02 -0.946294857741E+01 -0.485929091209E+01 -0.995658799315E+00  0.546256648183E+01  0.873800251066E+01  0.884140923209E+01
      59  0.468749375000E+00  0.624993750000E-01  0.000000000000E+00 -0.165981238995E+02 -0.157383699438E+02 -0.936027869663E+01 -0.488976858868E+01 -0.988266800061E+00  0.532291294048E+01  0.871001613916E+01  0.881115993420E+01
      60  0.473957812500E+00  0.520828125000E-01  0.000000000000E+00 -0.166158449497E+02 -0.157567536467E+02 -0.927159411801E+01 -0.491556623194E+01 -0.982382283880E+00  0.520273995854E+01  0.868625586079E+01  0.878550931043E+01
      61  0.479166250000E+00  0.416662500000E-01  0.000000000000E+00 -0.166303449891E+02 -0.157718310453E+02 -0.919774585535E+01 -0.493667970644E+01 -0.977820273861E+00  0.510299762684E+01  0.866676268712E+01  0.876448541391E+01
      62  0.484374687500E+00  0.312496875000E-01  0.000000000000E+00 -0.166416237287E+02 -0.157835798794E+02 -0.913947808229E+01 -0.495310519737E+01 -0.974429863055E+00  0.502451023244E+01  0.865156862647E+01  0.874811079808E+01
      63  0.489583125000E+00  0.208331250000E-01  0.000000000000E+00 -0.166496799887E+02 -0.157919834095E+02 -0.909740045589E+01 -0.496483956145E+01 -0.972091759658E+00  0.496794743807E+01  0.864069856265E+01  0.873640277105E+01
      64  0.494791562500E+00  0.104165625000E-01  0.000000000000E+00 -0.166545140231E+02 -0.157970301725E+02 -0.907196707409E+01 -0.497188123600E+01 -0.970722733629E+00  0.493380595142E+01  0.863416952061E+01  0.872937305194E+01
      65  0.500000000000E+00  0.000000000000E+00  0.000000000000E+00 -0.166561253673E+02 -0.157987132357E+02 -0.906345805502E+01 -0.497422855464E+01 -0.970271951910E+00  0.492239033925E+01  0.863199194720E+01  0.872702891436E+01
      66  0.484375000000E+00  0.000000000000E+00  0.000000000000E+00 -0.167714773900E+02 -0.156748979724E+02 -0.905770804528E+01 -0.501287693821E+01 -0.922622990630E+00  0.492497551975E+01  0.820924623127E+01  0.915956451755E+01
      67  0.468750000000E+00 -0.277555756156E-16  0.000000000000E+00 -0.170171755930E+02 -0.154038375974E+02 -0.904047500205E+01 -0.512348654580E+01 -0.785066752604E+00  0.493267937077E+01  0.775379486704E+01  0.877012485292E+01
      68  0.453125000000E+00  0.000000000000E+00  0.000000000000E+00 -0.172997560557E+02 -0.150790807398E+02 -0.901180776727E+01 -0.529280923475E+01 -0.571021925286E+00  0.494534520092E+01  0.730989637713E+01  0.832959642663E+01
      69  0.437500000000E+00  0.000000000000E+00  0.000000000000E+00 -0.175900192110E+02 -0.147299659432E+02 -0.897178733797E+01 -0.550518052682E+01 -0.296433476138E+00  0.496265066666E+01  0.687909837404E+01  0.789747981315E+01
      70  0.421875000000E+00  0.000000000000E+00  0.000000000000E+00 -0.178785144771E+02 -0.143661446192E+02 -0.892053166808E+01 -0.574653801503E+01  0.242369780961E-01  0.498396747223E+01  0.646254979314E+01  0.747656195898E+01
      71  0.406250000000E+00  0.000000000000E+00  0.000000000000E+00 -0.181614276401E+02 -0.139916928323E+02 -0.885819442346E+01 -0.600585336411E+01  0.379438389327E+00  0.500787430041E+01  0.606192917332E+01  0.706823416860E+01
      72  0.390625000000E+00 -0.277555756156E-16  0.000000000000E+00 -0.184369070331E+02 -0.136087889544E+02 -0.878496860210E+01 -0.627500497850E+01  0.760398763424E+00  0.502992577803E+01  0.568175230808E+01  0.667336591708E+01
      73  0.375000000000E+00 -0.277555756156E-16  0.000000000000E+00 -0.187039165570E+02 -0.132188675398E+02 -0.870109086759E+01 -0.654814465756E+01  0.116047801698E+01  0.502501316550E+01  0.534703028920E+01  0.629257938148E+01
      74  0.359375000000E+00  0.000000000000E+00  0.000000000000E+00 -0.189618094236E+02 -0.128230503675E+02 -0.860684588743E+01 -0.682106648632E+01  0.157451213343E+01  0.485080303824E+01  0.519980435668E+01  0.592637670132E+01
      75  0.343750000000E+00  0.000000000000E+00  0.000000000000E+00 -0.192101435922E+02 -0.124223379733E+02 -0.850257052349E+01 -0.709071284931E+01  0.199828041090E+01  0.453740837401E+01  0.520931959440E+01  0.557523379383E+01
      76  0.328125000000E+00 -0.277555756156E-16  0.000000000000E+00 -0.194485964816E+02 -0.120177024672E+02 -0.838866035259E+01 -0.735482696067E+01  0.242804157792E+01  0.421442992242E+01  0.523972948841E+01  0.524368403102E+01
      77  0.312500000000E+00  0.000000000000E+00  0.000000000000E+00 -0.196769196266E+02 -0.116101454708E+02 -0.826557869069E+01 -0.761171238465E+01  0.285997010290E+01  0.390099622639E+01  0.492086683329E+01  0.520326986889E+01
      78  0.296875000000E+00  0.000000000000E+00  0.000000000000E+00 -0.198949138346E+02 -0.112007316063E+02 -0.813386447580E+01 -0.786007121798E+01  0.328867419528E+01  0.360068255228E+01  0.462133948023E+01  0.490451916026E+01
      79  0.281250000000E+00 -0.277555756156E-16  0.000000000000E+00 -0.201024152434E+02 -0.107906198286E+02 -0.809889471360E+01 -0.799414215543E+01  0.331463279349E+01  0.369784189853E+01  0.435457126597E+01  0.460793541163E+01
      80  0.265625000000E+00  0.000000000000E+00  0.000000000000E+00 -0.202992846469E+02 -0.103810846057E+02 -0.832738453536E+01 -0.784713494491E+01  0.304334690040E+01  0.391774496290E+01  0.428613238186E+01  0.432632806597E+01
      81  0.250000000000E+00  0.000000000000E+00  0.000000000000E+00 -0.204854019149E+02 -0.997354107945E+01 -0.854490004658E+01 -0.769367909270E+01  0.278709226986E+01  0.373564267667E+01  0.406051333536E+01  0.461301453483E+01
      82  0.234375000000E+00 -0.138777878078E-16  0.000000000000E+00 -0.206606635482E+02 -0.956956863306E+01 -0.875092185206E+01 -0.753474026307E+01  0.254603271973E+01  0.350442678470E+01  0.381068385991E+01  0.471326264116E+01
      83  0.218750000000E+00  0.000000000000E+00  0.000000000000E+00 -0.208249774575E+02 -0.917093178063E+01 -0.894502254375E+01 -0.737142506396E+01  0.232027986284E+01  0.328012075540E+01  0.357690959714E+01  0.450776380172E+01
      84  0.203125000000E+00  0.000000000000E+00  0.000000000000E+00 -0.209782634679E+02 -0.912684856658E+01 -0.877960775228E+01 -0.720500926922E+01  0.210991398733E+01  0.306884568813E+01  0.335922255775E+01  0.429838139977E+01
      85  0.187500000000E+00 -0.138777878078E-16  0.000000000000E+00 -0.211204495210E+02 -0.929610418159E+01 -0.839780601285E+01 -0.703695079714E+01  0.191499647458E+01  0.287215681399E+01  0.315763980205E+01  0.410169150446E+01
      86  0.171875000000E+00  0.000000000000E+00  0.000000000000E+00 -0.212514729604E+02 -0.945254121705E+01 -0.802799187162E+01 -0.686890971519E+01  0.173557491711E+01  0.269064050704E+01  0.297217136336E+01  0.391979508333E+01
      87  0.156250000000E+00  0.000000000000E+00  0.000000000000E+00 -0.213712756476E+02 -0.959594980959E+01 -0.767290148811E+01 -0.670276546317E+01  0.157168780324E+01  0.252457473802E+01  0.280282363284E+01  0.375328538271E+01
      88  0.140625000000E+00 -0.138777878078E-16  0.000000000000E+00 -0.214798094748E+02 -0.972615352859E+01 -0.733554796965E+01 -0.654062233828E+01  0.142336481339E+01  0.237411278600E+01  0.264960073946E+01  0.360240113558E+01
      89  0.125000000000E+00  0.000000000000E+00  0.000000000000E+00 -0.215770304011E+02 -0.984300264666E+01 -0.701921633276E+01 -0.638481370050E+01  0.129062928595E+01  0.223934873057E+01  0.251250540875E+01  0.346726096737E+01
      90  0.109375000000E+00  0.000000000000E+00  0.000000000000E+00 -0.216629002031E+02 -0.994637113689E+01 -0.672743301355E+01 -0.623787634070E+01  0.117349859308E+01  0.212034483044E+01  0.239153934399E+01  0.334793268454E+01
      91  0.937500000000E-01 -0.693889390391E-17  0.000000000000E+00 -0.217373850603E+02 -0.100361531956E+02 -0.646390578739E+01 -0.610251254721E+01  0.107198454092E+01  0.201714454389E+01  0.228670344228E+01  0.324445902856E+01
      92  0.781250000000E-01  0.000000000000E+00  0.000000000000E+00 -0.218004568185E+02 -0.101122614140E+02 -0.623243490088E+01 -0.598150741956E+01  0.986093720447E+00  0.192977921584E+01  0.219799793171E+01  0.315686869951E+01
      93  0.625000000000E-01  0.000000000000E+00  0.000000000000E+00 -0.218520927640E+02 -0.101746245204E+02 -0.603678745116E+01 -0.587762008536E+01  0.915827404336E+00  0.185827184385E+01  0.212542245117E+01  0.308518174180E+01
      94  0.468750000000E-01 -0.346944695195E-17  0.000000000000E+00 -0.218922736238E+02 -0.102231858969E+02 -0.588056354770E+01 -0.579337497882E+01  0.861183734393E+00  0.180263931918E+01  0.206897630602E+01  0.302941238793E+01
      95  0.312500000000E-01  0.000000000000E+00  0.000000000000E+00 -0.219209844532E+02 -0.102579025612E+02 -0.576731728289E+01 -0.573057860283E+01  0.822158230189E+00  0.176289373865E+01  0.202865858162E+01  0.298957061119E+01
      96  0.156250000000E-01  0.000000000000E+00  0.000000000000E+00 -0.219382151803E+02 -0.102787445413E+02 -0.570291414871E+01 -0.568756262849E+01  0.798745653929E+00  0.173904324583E+01  0.200446838284E+01  0.296566301518E+01
      97  0.000000000000E+00  0.000000000000E+00  0.000000000000E+00 -0.219439592150E+02 -0.102856938144E+02 -0.568600390225E+01 -0.566835854907E+01  0.790941979994E+00  0.173109256802E+01  0.199640506228E+01  0.295769340502E+01
